# N estimated_error actual_error reference_1_over_sqrt_N integral
100 1.656985214176638e-01 2.159265358979301e-02 1.642183367736324e-01 3.120000000000000e+00
300 1.000000000000000e-01 1.415926535897931e-01 9.481150094212927e-02 3.000000000000000e+00
1000 5.178895635171653e-02 6.407346410207015e-03 5.193039777692652e-02 3.148000000000000e+00
3000 3.013639119194722e-02 1.225932025645982e-02 2.998202913563287e-02 3.129333333333333e+00
10000 1.651549575398813e-02 1.359265358979300e-02 1.642183367736324e-02 3.128000000000000e+00
30000 9.525747284771589e-03 1.119265358979327e-02 9.481150094212928e-03 3.130400000000000e+00
100000 5.193287407413536e-03 1.126535897930658e-04 5.193039777692652e-03 3.141480000000000e+00
300000 3.002212919732278e-03 3.165986923126418e-03 2.998202913563287e-03 3.138426666666667e+00
1000000 1.641329475638575e-03 1.227346410206831e-03 1.642183367736324e-03 3.142820000000000e+00
