0.3 0.436903428646703 0.444490932409031 0.156453720213023 0.155196173921635 0.0863304156375573 0.084281844469313
0.6 0.650139084781952 0.658573963312832 0.22253583539907 0.22001178673765 0.121721643040025 0.118488734784638
0.9 0.725585109632929 0.731825387533078 0.226836403880129 0.223181238994164 0.121807611527629 0.118048401360203
1.2 0.7198100818603 0.722866108589285 0.190845120036119 0.186272846148562 0.0987441471663319 0.0949463206133676
1.5 0.669450954655905 0.669390480445289 0.130497197385988 0.125255097243332 0.0618516490778344 0.0583634399428084
1.8 0.597710435439336 0.595075997597712 0.0574094650830235 0.0517478694169113 0.0181524296746468 0.0152091141999977
2.1 0.518834031709902 0.514316998662524 -0.0201346860824855 -0.0259815523159138 -0.0271814005617082 -0.0294349089721438
2.4 0.441175339792603 0.43544617578918 -0.0964035174089692 -0.102228705454683 -0.0704558745461342 -0.0719458683528758
2.7 0.369278972125375 0.362909768794649 -0.167599098296885 -0.173228466215018 -0.10914725388537 -0.109855091967926
3 0.305283193322116 0.298722410207184 -0.231371409124557 -0.236665273992293 -0.141648257751443 -0.141596862926441
3.3 0.249854058338608 0.243428904848184 -0.286438333878987 -0.291290555367223 -0.167059886931426 -0.166302537528354
3.6 0.202798993803219 0.196730801620506 -0.33229036166371 -0.336625818578153 -0.18502154677376 -0.183632654648116
3.9 0.163462722972402 0.157886909277274 -0.368962815345518 -0.372733969785652 -0.195573251217722 -0.193640851543277
4.2 0.130976758953327 0.125962845292013 -0.396861700307232 -0.400044741177162 -0.199044618298588 -0.196664326879333
4.5 0.104411489159366 0.0999809688441808 -0.416631944095637 -0.419222848609676 -0.195966165179429 -0.19323638703903
4.8 0.0828643714554282 0.0790055716705923 -0.429058983588562 -0.43106972123919 -0.186999095667323 -0.18401729422799
5.1 0.0655069842451326 0.0621868149682595 -0.434996437698032 -0.436451456952071 -0.172880360303621 -0.169740219758061
5.4 0.0516062161324484 0.0487790741802168 -0.435314052451218 -0.436247129405015 -0.154380271961533 -0.151169606456583
5.7 0.0405297513892989 0.0381440062151725 -0.430861281462878 -0.431312766228621 -0.132270389716576 -0.129069671948721
6 0.0317425024279526 0.0297450261199963 -0.42244281737198 -0.422457283899778 -0.107299750806728 -0.104181149610017
6.3 0.0247982644789933 0.0231374401905642 -0.410803159595198 -0.410427444522648 -0.0801778432608245 -0.0772046749829182
6.6 0.0193292721404651 0.0179568580956322 -0.396617924029706 -0.395899527516421 -0.0515629780075436 -0.0487894899358947
6.9 0.0150352787015843 0.0139074389208695 -0.380490098946818 -0.37947591315042 -0.0220549452541426 -0.0195263613523152
7.2 0.011673086814738 0.0107508356406242 -0.362949850628112 -0.361685178124726 0.00780896841060137 0.0100561986723789
7.5 0.00904701498056432 0.0082962655522175 -0.344456801211562 -0.342984624943246 0.0375553637500776 0.039493163376615
7.8 0.00700050670204007 0.00639186567208467 -0.325403954695649 -0.323764422210583 0.0667741382086809 0.0683822892924852
8.1 0.00540892200208383 0.00491733403687764 -0.306122647867733 -0.304352734919632 0.0951164305511073 0.0963819842443624
8.4 0.00417345574946321 0.00377777104620465 -0.286888061079465 -0.285021382667309 0.122291513915483 0.12320815234762
8.7 0.00321607824815511 0.00289859311118482 -0.267924947707102 -0.265991688007052 0.148062969534031 0.148630342970086
9 0.00247537323266108 0.00222137647356023 -0.249413337639322 -0.247440273707624 0.172244405996989 0.172467463946091
9.3 0.00190314534353444 0.00170049070549403 -0.231494044568818 -0.229504642133161 0.194694932848289 0.194583263974837
9.6 0.00146167583855991 0.00130039174062439 -0.214273864025573 -0.212288426823223 0.215314551047073 0.214881743363833
9.9 0.00112151698923635 0.000993458704712271 -0.197830392149503 -0.195866249299557 0.234039584539841 0.233302614612774
10.2 0.000859729167822413 0.000758274501156185 -0.182216427606243 -0.180288146114242 0.250838246016133 0.249816903504282
10.5 0.000658478524489123 0.00057826543634469 -0.167463942626449 -0.165583554559132 0.265706404352388 0.264422756290085
10.8 0.000503926153968144 0.000440629273681314 -0.153587626276478 -0.151764862184465 0.278663600734579 0.277141498307316
11.1 0.000385351407500252 0.000335493588800782 -0.140588014860588 -0.138830536847846 0.289749343887177 0.288013973139579
11.4 0.000294462264738521 0.000255257054411073 -0.128454232264149 -0.12676786164494 0.299019701729373 0.297097178578557
11.7 0.000224854449344643 0.000194075368361722 -0.117166367961694 -0.115555303720531 0.306544196515932 0.304461205572993
12 0.000171588310281571 0.000147461096479877 -0.106697522994518 -0.105164548380102 0.312403002524256 0.310186478588526
12.3 0.000130858635456827 0.000111972913791848 -0.0970155552859085 -0.0955622307116475 0.316684439388167 0.314361289934666
12.6 9.97375389609698e-05 8.49747839003074e-05 -0.0880845553596758 -0.0867113965476445 0.319482749657982 0.317079616298343
12.9 7.59746382662633e-05 6.44496984073592e-05 -0.07986608255488 -0.0785727234057487 0.320896146052023 0.318439202666419
13.2 5.78420511723076e-05 4.88558716161624e-05 -0.0723201901895198 -0.071105530318066 0.321025111708745 0.318539896778067
13.5 4.40143554252287e-05 3.70158953323703e-05 -0.0654062661596175 -0.0642686034006062 0.319970935424595 0.31748221601815
13.8 3.34757638671531e-05 2.80314285996688e-05 -0.0590837133847144 -0.0580208617823186 0.317834463274212 0.31536612807435
14.1 2.54484505379119e-05 2.12176320379031e-05 -0.0533124921625628 -0.0523218862212784 0.314715047760974 0.312290026592888
14.4 1.93372877786753e-05 1.60528426349605e-05 -0.0480535444693794 -0.0471323304664258 0.310709676055506 0.308349883363318
14.7 1.46872750771593e-05 1.21399932826674e-05 -0.0432691178798602 -0.0424142332341493 0.305912259249193 0.303638559146294
15 1.1150799220984e-05 9.17706961505477e-06 -0.0389230049890153 -0.0381312465982328 0.300413065516525 0.298245256050903
15.3 8.46246727537548e-06 6.93451119096308e-06 -0.0349807120811797 -0.0342487946630176 0.294298280806496 0.292255095306436
15.6 6.41979264897397e-06 5.23794189358647e-06 -0.031409569252991 -0.0307341746159192 0.287649681877427 0.285748805306059
15.9 4.86837840166671e-06 3.95498515505713e-06 -0.0281787924334921 -0.027556610641501 0.280544407432442 0.278802505885715
16.2 3.69056748237226e-06 2.98520667039943e-06 -0.0252595064128616 -0.0246872697241328 0.273054814306231 0.271487575908532
16.5 2.79674503867758e-06 2.25244911419051e-06 -0.0226247366491366 -0.0220992470647562 0.265248406715172 0.263870592327716
16.8 2.11869778357837e-06 1.69899453304073e-06 -0.0202493764574395 -0.0197675276816071 0.257187827651997 0.256013329980321
17.1 1.60452585905453e-06 1.28112193025298e-06 -0.018110135239991 -0.0176689297453192 0.248930902609522 0.247972812405945
17.4 1.21476044521664e-06 9.65728968299783e-07 -0.0161854724125509 -0.0157820343051094 0.240530726725525 0.239801404977989
17.7 9.19401381662497e-07 7.27764609335199e-07 -0.01445552103603 -0.0140871052837872 0.232035787494245 0.231546942573536
18 6.95657278340303e-07 5.48279270809655e-07 -0.012902004343297 -0.0125660029441816 0.223490115956715 0.22325288488662
18.3 5.26216853769178e-07 4.12944861735176e-07 -0.0115081479029147 -0.0112020934476381 0.214933460221094 0.214958493306282
18.6 3.97939617338948e-07 3.10932111771136e-07 -0.010258589543011 -0.00998015662635603 0.206401475825742 0.206699024034519
18.9 3.00854622821752e-07 2.34059402404701e-07 -0.00913928881943356 -0.00888629366603156 0.197925928233344 0.198505932810583
19.2 2.27397833440355e-07 1.76147779071265e-07 -0.00813743738343063 -0.00790783603475259 0.189534903324919 0.190407087238541
19.5 1.71834741874851e-07 1.32532444960308e-07 -0.00724137133883435 -0.00703325669030419 0.181253022379142 0.182426983286721
19.8 1.29817180623102e-07 9.96929492897558e-08 -0.00644048639768663 -0.00625208434368457 0.173101658524791 0.174586963043473
20.1 9.8051370139496e-08 7.49733586604915e-08 -0.00572515643861607 -0.00555482134511514 0.165099152131436 0.166905431276535
20.4 7.40423057805396e-08 5.63706097160453e-08 -0.00508665588627572 -0.00493286558426914 0.15726102301763 0.159398068756624
20.7 5.59004009575255e-08 4.23744979472398e-08 -0.00451708619278403 -0.00437843665360726 0.149600177732604 0.152078040673061
21 4.21937737672232e-08 3.184675379723e-08 -0.00400930657370949 -0.00388450640796872 0.142127110493177 0.144956198793662
21.3 3.18424636645627e-08 2.39296934180177e-08 -0.00355686906605208 -0.00344473396085613 0.13485009665165 0.138041276306437
21.6 2.40257555438722e-08 1.79772367430484e-08 -0.00315395788995023 -0.00305340508461173 0.127775377818664 0.131340074529864
21.9 1.81241631566645e-08 1.35028348775474e-08 -0.00279533303697299 -0.00270537592481249 0.120907337983267 0.124857640895169
22.2 1.36694244586461e-08 1.01401755068854e-08 -0.00247627797707363 -0.002396020896025 0.11424867017468 0.118597437791012
22.5 1.0308372214178e-08 7.61354065176809e-09 -0.0021925513115232 -0.00212118459423877 0.107800533349217 0.112561502021273
22.8 7.77166054355369e-09 5.71545296724717e-09 -0.0019403422236219 -0.00187713753884564 0.101562699359459 0.106750594762904
23.1 5.85846671531703e-09 4.28982369360697e-09 -0.00171622949179333 -0.00166053554224929 0.0955336899259921 0.101164342025727
23.4 4.41535900162746e-09 3.219252017499e-09 -0.00151714390652572 -0.00146838249661941 0.0897109036944139 0.0958013657117963
23.7 3.32733591671838e-09 2.41545594321591e-09 -0.00134033383563513 -0.00129799636372016 0.0840907334693803 0.090659405450888
24 2.50690293002506e-09 1.81206458125397e-09 -0.00118333377101749 -0.00114697815410337 0.0786686738493221 0.0857354314526596
24.3 1.88810305046364e-09 1.35919058958049e-09 -0.00104393560806481 -0.00101318368539185 0.0734394194683373 0.081025748666964
24.6 1.42193815692269e-09 1.01934418073468e-09 -0.000920162481966309 -0.000894697915161184 0.068396954146842 0.0765260925833234
24.9 1.07112475627067e-09 7.64357873236983e-10 -0.000810244948752148 -0.000789811651454586 0.0635346312422647 0.0722317170301883
25.2 8.063854151077e-10 5.73072531659044e-10 -0.000712599323843989 -0.000697000452738919 0.0588452455280274 0.068137474355665
25.5 6.06743414386227e-10 4.29596651477901e-10 -0.000625808001184601 -0.000614905538724044 0.0543210969334074 0.064237888385132
25.8 4.57328482695615e-10 3.2199718021702e-10 -0.000548601564181587 -0.000542316543592331 0.0499540464716535 0.0605272205586447
26.1 3.43819729051975e-10 2.41315115067705e-10 -0.000479842547177637 -0.000478155953556379 0.0457355647061217 0.0569995296532484
26.4 2.58408322855333e-10 1.80825469043556e-10 -0.000418510671050859 -0.000421465081070927 0.041656773065944 0.0536487254931156
26.7 1.94392546538588e-10 1.35481061347043e-10 -0.000363689423330027 -0.000371391438305808 0.0377084783372967 0.0504686170445798
27 1.46495414221821e-10 1.0149455609311e-10 -0.000314553830304405 -0.000327177382515131 0.0338812006173481 0.0474529552843156
27.3 1.09695447267578e-10 7.6024449969932e-11 -0.000270359303352059 -0.000288149915619915 0.0301651950230359 0.0445954712176971
27.6 8.25284583779449e-11 5.69392021259659e-11 -0.000230431433779434 -0.000253711529589406 0.0265504674093693 0.0418899094112829
27.9 6.13812892674851e-11 4.26400940408424e-11 -0.000194156617357819 -0.000223331998013985 0.0230267843327556 0.0393300573888516
28.2 4.57236263657563e-11 3.19282205174363e-11 -0.000160973401359677 -0.000196541022580861 0.0195836774693767 0.0369097712248487
28.5 3.31982703108757e-11 2.39046352527634e-11 -0.000130364449683028 -0.000172921650977439 0.0162104426759516 0.0346229976528242
28.8 2.37379535230257e-11 1.78953997682503e-11 -0.000101849026711015 -0.000152104390052314 0.012896133846856 0.0324637929897231
29.1 1.65791506814626e-11 1.33953344461064e-11 -7.49759033393291e-05 -0.000133761944864618 0.00962955169469516 0.0304263391599837
29.4 1.06872182073349e-11 1.0025812034232e-11 -4.93165852104022e-05 -0.000117604520560146 0.00639922754442699 0.0285049570864864
29.7 4.75272240152552e-12 7.50309305078387e-12 -2.44587796724144e-05 -0.000103375629843304 0.00319340221320936 0.0266941176986637
