0 1 0
0.01 0.9975516512378074 0.009987758256189038
0.02 0.995103302475615 0.01995103302475615
0.03 0.9926549537134224 0.02988982430570133
0.04 0.9902066049512298 0.0398041320990246
0.05 0.9877582561890372 0.04969395640472594
0.06 0.9853099074268448 0.05955929722280534
0.07000000000000001 0.9828615586646522 0.06940015455326283
0.08 0.9804132099024596 0.07921652839609838
0.09 0.9779648611402671 0.08900841875131202
0.1 0.9755165123780746 0.09877582561890373
0.11 0.973068163615882 0.1085187489988735
0.12 0.9706198148536894 0.1182371888912214
0.13 0.968171466091497 0.1279311452959473
0.14 0.9657231173293044 0.1376006182130513
0.15 0.9632747685671118 0.1472456076425334
0.16 0.9608264198049192 0.1568661135843935
0.17 0.9583780710427268 0.1664621360386318
0.18 0.9559297222805342 0.1760336750052481
0.19 0.9534813735183416 0.1855807304842425
0.2 0.9510330247561491 0.1951033024756149
0.21 0.9485846759939566 0.2046013909793654
0.22 0.946136327231764 0.214074995995494
0.23 0.9436879784695714 0.2235241175240007
0.24 0.941239629707379 0.2329487555648855
0.25 0.9387912809451864 0.2423489101181483
0.26 0.9363429321829938 0.2517245811837892
0.27 0.9338945834208012 0.2610757687618082
0.28 0.9314462346586088 0.2704024728522053
0.29 0.9289978858964162 0.2797046934549803
0.3 0.9265495371342236 0.2889824305701336
0.31 0.9241011883720311 0.2982356841976648
0.32 0.9216528396098386 0.3074644543375742
0.33 0.919204490847646 0.3166687409898616
0.34 0.9167561420854535 0.3258485441545271
0.35 0.914307793323261 0.3350038638315707
0.36 0.9118594445610684 0.3441347000209923
0.37 0.9094110957988758 0.353241052722792
0.38 0.9069627470366833 0.3623229219369699
0.39 0.9045143982744908 0.3713803076635257
0.4 0.9020660495122982 0.3804132099024596
0.41 0.8996177007501056 0.3894216286537716
0.42 0.8971693519879131 0.3984055639174617
0.43 0.8947210032257206 0.4073650156935299
0.44 0.892272654463528 0.4162999839819762
0.45 0.8898243057013355 0.4252104687828005
0.46 0.887375956939143 0.4340964700960029
0.47 0.8849276081769504 0.4429579879215833
0.48 0.8824792594147579 0.4517950222595419
0.49 0.8800309106525653 0.4606075731098785
0.5 0.8775825618903728 0.4693956404725932
0.51 0.8708369567699281 0.4781377380658947
0.52 0.8640913516494835 0.4868123796079918
0.53 0.8573457465290387 0.4954195650988844
0.54 0.8506001414085941 0.5039592945385726
0.55 0.8438545362881494 0.5124315679270562
0.5600000000000001 0.8371089311677048 0.5208363852643355
0.57 0.8303633260472602 0.5291737465504103
0.58 0.8236177209268155 0.5374436517852806
0.59 0.8168721158063709 0.5456461009689466
0.6 0.8101265106859261 0.5537810941014081
0.61 0.8033809055654815 0.5618486311826651
0.62 0.7966353004450368 0.5698487122127177
0.63 0.7898896953245922 0.5777813371915659
0.64 0.7831440902041475 0.5856465061192097
0.65 0.7763984850837029 0.5934442189956488
0.66 0.7696528799632582 0.6011744758208837
0.67 0.7629072748428135 0.608837276594914
0.68 0.7561616697223689 0.61643262131774
0.6899999999999999 0.7494160646019242 0.6239605099893614
0.7 0.7426704594814796 0.6314209426097783
0.71 0.7359248543610349 0.638813919178991
0.72 0.7291792492405903 0.6461394396969991
0.73 0.7224336441201455 0.6533975041638028
0.74 0.7156880389997009 0.660588112579402
0.75 0.7089424338792563 0.6677112649437968
0.76 0.7021968287588116 0.6747669612569872
0.77 0.695451223638367 0.6817552015189731
0.78 0.6887056185179222 0.6886759857297545
0.79 0.6819600133974776 0.6955293138893315
0.8 0.6752144082770329 0.702315185997704
0.8100000000000001 0.6684688031565883 0.7090336020548722
0.82 0.6617231980361437 0.7156845620608357
0.83 0.654977592915699 0.722268066015595
0.84 0.6482319877952544 0.7287841139191498
0.85 0.6414863826748096 0.7352327057715001
0.86 0.634740777554365 0.741613841572646
0.87 0.6279951724339203 0.7479275213225873
0.88 0.6212495673134757 0.7541737450213244
0.89 0.6145039621930311 0.760352512668857
0.9 0.6077583570725864 0.766463824265185
0.91 0.6010127519521418 0.7725076798103087
0.92 0.594267146831697 0.7784840793042279
0.93 0.5875215417112524 0.7843930227469427
0.9399999999999999 0.5807759365908078 0.7902345101384529
0.95 0.5740303314703631 0.7960085414787588
0.96 0.5672847263499184 0.8017151167678601
0.97 0.5605391212294737 0.8073542360057571
0.98 0.553793516109029 0.8129258991924496
0.99 0.5470479109885844 0.8184301063279378
1 0.5403023058681398 0.8238668574122213
1.01 0.530911003784131 0.8292229239604827
1.02 0.5215197017001223 0.8344850774879039
1.03 0.5121283996161136 0.8396533179944852
1.04 0.5027370975321048 0.8447276454802263
1.05 0.493345795448096 0.8497080599451272
1.06 0.4839544933640873 0.8545945613891881
1.07 0.4745631912800786 0.859387149812409
1.08 0.4651718891960698 0.8640858252147897
1.09 0.455780587112061 0.8686905875963304
1.1 0.4463892850280523 0.873201436957031
1.11 0.4369979829440436 0.8776183732968914
1.12 0.4276066808600348 0.8819413966159119
1.13 0.4182153787760263 0.886170506914092
1.14 0.4088240766920175 0.8903057041914323
1.15 0.3994327746080088 0.8943469884479325
1.16 0.390041472524 0.8982943596835925
1.17 0.3806501704399913 0.9021478178984125
1.18 0.3712588683559825 0.9059073630923923
1.19 0.3618675662719738 0.909572995265532
1.2 0.3524762641879651 0.9131447144178317
1.21 0.3430849621039563 0.9166225205492914
1.22 0.3336936600199476 0.9200064136599109
1.23 0.3243023579359389 0.9232963937496903
1.24 0.3149110558519301 0.9264924608186297
1.25 0.3055197537679213 0.9295946148667289
1.26 0.2961284516839126 0.9326028558939882
1.27 0.2867371495999039 0.9355171839004073
1.28 0.2773458475158951 0.9383375988859862
1.29 0.2679545454318863 0.9410641008507251
1.3 0.2585632433478776 0.943696689794624
1.31 0.2491719412638689 0.9462353657176827
1.32 0.2397806391798601 0.9486801286199014
1.33 0.2303893370958514 0.9510309785012798
1.34 0.2209980350118426 0.9532879153618183
1.35 0.2116067329278339 0.9554509392015167
1.36 0.2022154308438252 0.9575200500203751
1.37 0.1928241287598164 0.9594952478183932
1.38 0.1834328266758078 0.9613765325955713
1.39 0.1740415245917991 0.9631639043519094
1.4 0.1646502225077904 0.9648573630874073
1.41 0.1552589204237816 0.9664569088020651
1.42 0.1458676183397729 0.967962541495883
1.43 0.1364763162557641 0.9693742611688606
1.44 0.1270850141717554 0.9706920678209983
1.45 0.1176937120877466 0.9719159614522958
1.46 0.1083024100037379 0.9730459420627532
1.47 0.09891110791972918 0.9740820096523706
1.48 0.08951980583572039 0.9750241642211477
1.49 0.08012850375171165 0.9758724057690848
1.5 0.07073720166770292 0.976626734296182
1.51 0.06099952090340599 0.9772854179090376
1.52 0.05126184013910907 0.97784672471425
1.53 0.04152415937481216 0.9783106547118197
1.54 0.03178647861051524 0.9786772079017463
1.55 0.02204879784621833 0.97894638428403
1.56 0.01231111708192142 0.9791181838586707
1.57 0.002573436317624495 0.9791926066256684
1.58 -0.007164244446672421 0.9791696525850232
1.59 -0.01690192521096932 0.979049321736735
1.6 -0.02663960597526624 0.9788316140808038
1.61 -0.03637728673956316 0.9785165296172297
1.62 -0.04611496750386007 0.9781040683460125
1.63 -0.05585264826815677 0.9775942302671524
1.64 -0.0655903290324537 0.9769870153806494
1.65 -0.0753280097967506 0.9762824236865034
1.66 -0.08506569056104753 0.9754804551847144
1.67 -0.09480337132534443 0.9745811098752825
1.68 -0.1045410520896414 0.9735843877582075
1.69 -0.1142787328539383 0.9724902888334896
1.7 -0.1240164136182352 0.9712988131011288
1.71 -0.1337540943825321 0.9700099605611249
1.72 -0.143491775146829 0.9686237312134781
1.73 -0.1532294559111259 0.9671401250581884
1.74 -0.1629671366754228 0.9655591420952556
1.75 -0.1727048174397198 0.9638807823246799
1.76 -0.1824424982040166 0.9621050457464612
1.77 -0.1921801789683136 0.9602319323605996
1.78 -0.2019178597326105 0.9582614421670949
1.79 -0.2116555404969074 0.9561935751659473
1.8 -0.2213932212612043 0.9540283313571567
1.81 -0.2311309020255012 0.9517657107407232
1.82 -0.2408685827897982 0.9494057133166467
1.83 -0.250606263554095 0.9469483390849273
1.84 -0.260343944318392 0.9443935880455648
1.85 -0.2700816250826889 0.9417414601985594
1.86 -0.2798193058469858 0.938991955543911
1.87 -0.2895569866112827 0.9361450740816197
1.88 -0.2992946673755794 0.9332008158116855
1.89 -0.3090323481398763 0.9301591807341082
1.9 -0.3187700289041733 0.9270201688488879
1.91 -0.3285077096684701 0.9237837801560247
1.92 -0.3382453904327671 0.9204500146555185
1.93 -0.347983071197064 0.9170188723473693
1.94 -0.3577207519613609 0.9134903532315772
1.95 -0.3674584327256578 0.9098644573081421
1.96 -0.3771961134899547 0.9061411845770641
1.97 -0.3869337942542517 0.902320535038343
1.98 -0.3966714750185486 0.898402508691979
1.99 -0.4064091557828455 0.894387105537972
2 -0.4161468365471424 0.8902743255763221
2.01 -0.4238467721271381 0.8860743575329508
2.02 -0.431546707707134 0.8817973901337793
2.03 -0.4392466432871298 0.8774434233788081
2.04 -0.4469465788671257 0.8730124572680368
2.05 -0.4546465144471214 0.8685044918014656
2.06 -0.4623464500271174 0.8639195269790944
2.07 -0.4700463856071131 0.8592575628009232
2.08 -0.4777463211871091 0.8545185992669521
2.09 -0.4854462567671047 0.8497026363771811
2.1 -0.4931461923471007 0.8448096741316099
2.11 -0.5008461279270964 0.839839712530239
2.12 -0.5085460635070924 0.834792751573068
2.13 -0.516245999087088 0.8296687912600972
2.14 -0.5239459346670841 0.8244678315913262
2.15 -0.5316458702470798 0.8191898725667555
2.16 -0.5393458058270757 0.8138349141863847
2.17 -0.5470457414070714 0.808402956450214
2.18 -0.5547456769870673 0.8028939993582431
2.19 -0.562445612567063 0.7973080429104726
2.2 -0.5701455481470591 0.7916450871069018
2.21 -0.5778454837270547 0.7859051319475314
2.22 -0.5855454193070507 0.7800881774323608
2.23 -0.5932453548870464 0.7741942235613904
2.24 -0.6009452904670424 0.7682232703346199
2.25 -0.6086452260470381 0.7621753177520496
2.26 -0.6163451616270337 0.7560503658136793
2.27 -0.6240450972070297 0.7498484145195089
2.28 -0.6317450327870253 0.7435694638695387
2.29 -0.6394449683670214 0.7372135138637683
2.3 -0.6471449039470171 0.7307805645021983
2.31 -0.654844839527013 0.724270615784828
2.32 -0.6625447751070087 0.717683667711658
2.33 -0.6702447106870046 0.7110197202826878
2.34 -0.6779446462670004 0.7042787734979179
2.35 -0.6856445818469964 0.6974608273573478
2.36 -0.6933445174269921 0.690565881860978
2.37 -0.701044453006988 0.683593937008808
2.38 -0.7087443885869837 0.6765449928008382
2.39 -0.7164443241669798 0.6694190492370682
2.4 -0.7241442597469754 0.6622161063174986
2.41 -0.7318441953269714 0.6549361640421287
2.42 -0.739544130906967 0.6475792224109592
2.43 -0.7472440664869631 0.6401452814239894
2.44 -0.7549440020669587 0.6326343410812199
2.45 -0.7626439376469547 0.6250464013826502
2.46 -0.7703438732269503 0.6173814623282808
2.47 -0.7780438088069463 0.6096395239181112
2.48 -0.7857437443869421 0.601820586152142
2.49 -0.793443679966938 0.5939246490303723
2.5 -0.8011436155469337 0.5859517125528031
2.51 -0.8049205931680038 0.5779213915092286
2.52 -0.8086975707890742 0.569853300689443
2.53 -0.8124745484101443 0.5617474400934471
2.54 -0.8162515260312146 0.5536038097212401
2.55 -0.8200285036522847 0.5454224095728227
2.56 -0.8238054812733551 0.5372032396481944
2.57 -0.8275824588944253 0.5289462999473556
2.58 -0.8313594365154956 0.5206515904703058
2.59 -0.8351364141365658 0.5123191112170458
2.6 -0.8389133917576361 0.5039488621875745
2.61 -0.8426903693787062 0.495540843381893
2.62 -0.8464673469997765 0.4870950548000004
2.63 -0.8502443246208466 0.4786114964418974
2.64 -0.854021302241917 0.4700901683075834
2.65 -0.8577982798629872 0.4615310703970591
2.66 -0.8615752574840575 0.4529342027103237
2.67 -0.8653522351051277 0.4442995652473779
2.68 -0.869129212726198 0.4356271580082211
2.69 -0.8729061903472681 0.426916980992854
2.7 -0.8766831679683385 0.4181690342012757
2.71 -0.8804601455894085 0.4093833176334872
2.72 -0.8842371232104789 0.4005598312894876
2.73 -0.8880141008315491 0.3916985751692776
2.74 -0.8917910784526194 0.3827995492728565
2.75 -0.8955680560736896 0.3738627536002252
2.76 -0.8993450336947597 0.3648881881513831
2.77 -0.90312201131583 0.3558758529263299
2.78 -0.9068989889369001 0.3468257479250665
2.79 -0.9106759665579705 0.337737873147592
2.8 -0.9144529441790407 0.3286122285939071
2.81 -0.918229921800111 0.3194488142640111
2.82 -0.9220068994211812 0.3102476301579049
2.83 -0.9257838770422515 0.3010086762755875
2.84 -0.9295608546633216 0.2917319526170598
2.85 -0.9333378322843919 0.282417459182321
2.86 -0.937114809905462 0.273065195971372
2.87 -0.9408917875265324 0.2636751629842118
2.88 -0.9446687651476026 0.2542473602208413
2.89 -0.9484457427686729 0.2447817876812597
2.9 -0.9522227203897431 0.2352784453654678
2.91 -0.9559996980108134 0.2257373332734648
2.92 -0.9597766756318835 0.2161584514052515
2.93 -0.9635536532529538 0.2065417997608271
2.94 -0.9673306308740239 0.1968873783401924
2.95 -0.9711076084950943 0.1871951871433467
2.96 -0.9748845861161645 0.1774652261702905
2.97 -0.9786615637372348 0.1676974954210234
2.98 -0.982438541358305 0.1578919948955458
2.99 -0.9862155189793753 0.1480487245938572
3 -0.9899924966004454 0.1381676845159583
3.01 -0.9889217804142525 0.128273113130885
3.02 -0.9878510642280595 0.1183892489076732
3.03 -0.9867803480418665 0.1085160918463238
3.04 -0.9857096318556735 0.09865364194683587
3.05 -0.9846389156694805 0.08880189920921032
3.06 -0.9835681994832876 0.07896086363344626
3.07 -0.9824974832970945 0.06913053521954454
3.08 -0.9814267671109016 0.05931091396750433
3.09 -0.9803560509247086 0.04950199987732649
3.1 -0.9792853347385156 0.03970379294901015
3.11 -0.9782146185523226 0.02991629318255618
3.12 -0.9771439023661296 0.02013950057796368
3.13 -0.9760731861799367 0.01037341513523357
3.14 -0.9750024699937436 0.0006180368543649284
3.15 -0.9739317538075507 -0.009126634264641331
3.16 -0.9728610376213577 -0.0188605982217861
3.17 -0.9717903214351648 -0.0285838550170685
3.18 -0.9707196052489717 -0.03829640465048942
3.19 -0.9696488890627788 -0.04799824712204798
3.2 -0.9685781728765858 -0.05768938243174501
3.21 -0.9675074566903928 -0.06736981057957969
3.22 -0.9664367405041998 -0.07703953156555288
3.23 -0.9653660243180069 -0.08669854538966371
3.24 -0.9642953081318139 -0.09634685205191301
3.25 -0.9632245919456208 -0.1059844515523
3.26 -0.9621538757594279 -0.115611343890825
3.27 -0.9610831595732349 -0.1252275290674886
3.28 -0.9600124433870419 -0.1348330070822897
3.29 -0.9589417272008489 -0.1444277779352294
3.3 -0.957871011014656 -0.1540118416263067
3.31 -0.956800294828463 -0.1635851981555226
3.32 -0.95572957864227 -0.173147847522876
3.33 -0.954658862456077 -0.182699789728368
3.34 -0.9535881462698841 -0.1922410247719976
3.35 -0.9525174300836911 -0.2017715526537657
3.36 -0.9514467138974981 -0.2112913733736714
3.37 -0.9503759977113051 -0.2208004869317156
3.38 -0.9493052815251122 -0.2302988933278975
3.39 -0.9482345653389191 -0.2397865925622179
3.4 -0.9471638491527261 -0.2492635846346759
3.41 -0.9460931329665332 -0.2587298695452724
3.42 -0.9450224167803402 -0.2681854472940066
3.43 -0.9439517005941472 -0.2776303178808793
3.44 -0.9428809844079542 -0.2870644813058896
3.45 -0.9418102682217613 -0.2964879375690384
3.46 -0.9407395520355682 -0.3059006866703248
3.47 -0.9396688358493752 -0.3153027286097497
3.48 -0.9385981196631823 -0.3246940633873123
3.49 -0.9375274034769893 -0.3340746910030135
3.5 -0.9364566872907963 -0.3434446114568521
3.51 -0.9308004259622528 -0.3527808970231172
3.52 -0.925144164633709 -0.3620606199760972
3.53 -0.9194879033051654 -0.3712837803157913
3.54 -0.9138316419766216 -0.3804503780422005
3.55 -0.908175380648078 -0.3895604131553238
3.56 -0.9025191193195342 -0.3986138856551621
3.57 -0.8968628579909906 -0.4076107955417145
3.58 -0.8912065966624468 -0.4165511428149819
3.59 -0.8855503353339033 -0.4254349274749635
3.6 -0.8798940740053595 -0.43426214952166
3.61 -0.8742378126768159 -0.4430328089550707
3.62 -0.868581551348272 -0.4517469057751963
3.63 -0.8629252900197284 -0.4604044399820362
3.64 -0.8572690286911846 -0.4690054115755909
3.65 -0.851612767362641 -0.4775498205558598
3.66 -0.8459565060340972 -0.4860376669228437
3.67 -0.8403002447055536 -0.4944689506765418
3.68 -0.8346439833770098 -0.5028436718169549
3.69 -0.8289877220484663 -0.511161830344082
3.7 -0.8233314607199225 -0.5194234262579241
3.71 -0.8176751993913789 -0.5276284595584805
3.72 -0.8120189380628351 -0.5357769302457518
3.73 -0.8063626767342915 -0.5438688383197372
3.74 -0.8007064154057477 -0.5519041837804376
3.75 -0.7950501540772041 -0.5598829666278522
3.76 -0.7893938927486606 -0.5678051868619813
3.77 -0.7837376314201168 -0.5756708444828254
3.78 -0.7780813700915732 -0.5834799394903837
3.79 -0.7724251087630294 -0.5912324718846569
3.8 -0.7667688474344858 -0.5989284416656443
3.81 -0.761112586105942 -0.6065678488333466
3.82 -0.7554563247773984 -0.6141506933877632
3.83 -0.7498000634488546 -0.6216769753288945
3.84 -0.7441438021203111 -0.6291466946567402
3.85 -0.7384875407917673 -0.6365598513713009
3.86 -0.7328312794632237 -0.6439164454725756
3.87 -0.7271750181346799 -0.6512164769605653
3.88 -0.7215187568061363 -0.6584599458352692
3.89 -0.7158624954775924 -0.6656468520966881
3.9 -0.7102062341490489 -0.6727771957448211
3.91 -0.704549972820505 -0.679850976779669
3.92 -0.6988937114919614 -0.6868681952012312
3.93 -0.6932374501634176 -0.6938288510095083
3.94 -0.6875811888348741 -0.7007329442044996
3.95 -0.6819249275063303 -0.7075804747862058
3.96 -0.6762686661777867 -0.7143714427546262
3.97 -0.6706124048492429 -0.7211058481097615
3.98 -0.6649561435206993 -0.7277836908516111
3.99 -0.6592998821921555 -0.7344049709801754
4 -0.6536436208636119 -0.7409696884954542
4.01 -0.6447866644349555 -0.7474618399219469
4.02 -0.635929708006299 -0.7538654217841531
4.03 -0.6270727515776418 -0.7601804340820731
4.04 -0.6182157951489853 -0.7664068768157062
4.05 -0.6093588387203289 -0.7725447499850526
4.06 -0.6005018822916725 -0.7785940535901125
4.07 -0.5916449258630152 -0.7845547876308863
4.08 -0.5827879694343587 -0.790426952107373
4.09 -0.5739310130057023 -0.7962105470195733
4.1 -0.5650740565770458 -0.8019055723674868
4.11 -0.5562171001483885 -0.8075120281511144
4.12 -0.5473601437197321 -0.8130299143704549
4.13 -0.5385031872910757 -0.8184592310255088
4.14 -0.5296462308624192 -0.8237999781162761
4.15 -0.5207892744337619 -0.8290521556427575
4.16 -0.5119323180051055 -0.8342157636049516
4.17 -0.5030753615764491 -0.8392908020028593
4.18 -0.4942184051477926 -0.8442772708364804
4.19 -0.4853614487191353 -0.8491751701058154
4.2 -0.4765044922904789 -0.8539844998108633
4.21 -0.4676475358618224 -0.8587052599516248
4.22 -0.458790579433166 -0.8633374505280996
4.23 -0.4499336230045087 -0.8678810715402883
4.24 -0.4410766665758523 -0.8723361229881901
4.25 -0.4322197101471958 -0.8767026048718052
4.26 -0.4233627537185394 -0.8809805171911338
4.27 -0.4145057972898829 -0.8851698599461757
4.28 -0.4056488408612257 -0.8892706331369316
4.29 -0.3967918844325692 -0.8932828367634005
4.3 -0.3879349280039128 -0.8972064708255828
4.31 -0.3790779715752563 -0.9010415353234786
4.32 -0.3702210151465991 -0.9047880302570881
4.33 -0.3613640587179426 -0.9084459556264107
4.34 -0.3525071022892862 -0.9120153114314468
4.35 -0.3436501458606297 -0.9154960976721963
4.36 -0.3347931894319724 -0.9188883143486595
4.37 -0.325936233003316 -0.9221919614608359
4.38 -0.3170792765746595 -0.9254070390087257
4.39 -0.3082223201460031 -0.928533546992329
4.4 -0.2993653637173458 -0.9315714854116459
4.41 -0.2905084072886894 -0.934520854266676
4.42 -0.2816514508600329 -0.9373816535574195
4.43 -0.2727944944313765 -0.9401538832838766
4.44 -0.2639375380027192 -0.9428375434460472
4.45 -0.2550805815740628 -0.9454326340439311
4.46 -0.2462236251454063 -0.9479391550775284
4.47 -0.2373666687167498 -0.950357106546839
4.48 -0.2285097122880926 -0.9526864884518635
4.49 -0.2196527558594362 -0.9549273007926011
4.5 -0.2107957994307797 -0.9570795435690521
4.51 -0.2009066397328998 -0.9591380557648704
4.52 -0.1910174800350199 -0.96109767636371
4.53 -0.1811283203371391 -0.962958405365571
4.54 -0.1712391606392592 -0.9647202427704529
4.55 -0.1613500009413793 -0.966383188578356
4.56 -0.1514608412434994 -0.9679472427892805
4.57 -0.1415716815456186 -0.9694124054032262
4.58 -0.1316825218477387 -0.9707786764201929
4.59 -0.1217933621498588 -0.9720460558401808
4.6 -0.1119042024519789 -0.9732145436631899
4.61 -0.1020150427540981 -0.9742841398892205
4.62 -0.09212588305621816 -0.975254844518272
4.63 -0.08223672335833826 -0.9761266575503448
4.64 -0.07234756366045836 -0.9768995789854388
4.65 -0.06245840396257757 -0.9775736088235539
4.66 -0.05256924426469764 -0.9781487470646903
4.67 -0.04268008456681774 -0.9786249937088479
4.68 -0.03279092486893784 -0.9790023487560267
4.69 -0.02290176517105705 -0.9792808122062266
4.7 -0.01301260547317715 -0.9794603840594478
4.71 -0.003123445775297246 -0.9795410643156902
4.72 0.006765713922582683 -0.9795228529749538
4.73 0.01665487362046347 -0.9794057500372385
4.74 0.02654403331834337 -0.9791897555025445
4.75 0.03643319301622328 -0.9788748693708716
4.76 0.04632235271410318 -0.9784610916422201
4.77 0.05621151241198308 -0.9779484223165896
4.78 0.06610067210986387 -0.9773368613939803
4.79 0.07598983180774377 -0.9766264088743923
4.8 0.08587899150562367 -0.9758170647578255
4.81 0.09576815120350363 -0.9749088290442799
4.82 0.1056573109013844 -0.9739017017337553
4.83 0.1155464705992643 -0.9727956828262522
4.84 0.1254356302971442 -0.9715907723217702
4.85 0.1353247899950241 -0.9702869702203093
4.86 0.1452139496929049 -0.9688842765218696
4.87 0.1551031093907848 -0.9673826912264512
4.88 0.1649922690886647 -0.965782214334054
4.89 0.1748814287865446 -0.964082845844678
4.9 0.1847705884844254 -0.962284585758323
4.91 0.1946597481823053 -0.9603874340749894
4.92 0.2045489078801852 -0.9583913907946769
4.93 0.2144380675780651 -0.9562964559173858
4.94 0.2243272272759459 -0.9541026294431155
4.95 0.2342163869738259 -0.9518099113718668
4.96 0.2441055466717058 -0.9494183017036392
4.97 0.2539947063695857 -0.9469278004384327
4.98 0.2638838660674664 -0.9443384075762473
4.99 0.2737730257653463 -0.9416501231170833
5 0.2836621854632262 -0.9388629470609404
5.01 0.2921623372397867 -0.9359838244474254
5.02 0.3006624890163472 -0.9330197003161448
5.03 0.3091626407929085 -0.9299705746670983
5.04 0.317662792569469 -0.9268364475002865
5.05 0.3261629443460295 -0.9236173188157091
5.06 0.33466309612259 -0.9203131886133661
5.07 0.3431632478991512 -0.9169240568932571
5.08 0.3516633996757117 -0.9134499236553829
5.09 0.3601635514522722 -0.9098907888997431
5.1 0.3686637032288327 -0.9062466526263376
5.11 0.377163855005394 -0.9025175148351662
5.12 0.3856640067819544 -0.8987033755262296
5.13 0.3941641585585149 -0.8948042346995273
5.14 0.4026643103350754 -0.8908200923550594
5.15 0.4111644621116367 -0.8867509484928255
5.16 0.4196646138881972 -0.8825968031128265
5.17 0.4281647656647577 -0.8783576562150618
5.18 0.4366649174413182 -0.8740335077995315
5.19 0.4451650692178794 -0.8696243578662353
5.2 0.4536652209944399 -0.8651302064151738
5.21 0.4621653727710004 -0.8605510534463466
5.22 0.4706655245475609 -0.8558868989597539
5.23 0.4791656763241221 -0.8511377429553952
5.24 0.4876658281006826 -0.8463035854332712
5.25 0.4961659798772431 -0.8413844263933817
5.26 0.5046661316538036 -0.8363802658357267
5.27 0.5131662834303641 -0.8312911037603059
5.28 0.5216664352069253 -0.8261169401671191
5.29 0.5301665869834858 -0.8208577750561672
5.3 0.5386667387600463 -0.8155136084274496
5.31 0.5471668905366068 -0.8100844402809665
5.32 0.5556670423131681 -0.8045702706167173
5.33 0.5641671940897286 -0.7989710994347028
5.34 0.5726673458662891 -0.7932869267349228
5.35 0.5811674976428496 -0.7875177525173773
5.36 0.5896676494194109 -0.7816635767820657
5.37 0.5981678011959712 -0.7757243995289889
5.38 0.6066679529725318 -0.7697002207581465
5.39 0.6151681047490922 -0.7635910404695385
5.4 0.6236682565256535 -0.7573968586631643
5.41 0.6321684083022141 -0.7511176753390251
5.42 0.6406685600787745 -0.7447534904971203
5.43 0.6491687118553351 -0.7383043041374499
5.44 0.6576688636318962 -0.7317701162600133
5.45 0.6661690154084567 -0.7251509268648116
5.46 0.6746691671850172 -0.7184467359518445
5.47 0.6831693189615777 -0.7116575435211117
5.48 0.691669470738139 -0.7047833495726126
5.49 0.7001696225146995 -0.6978241541063486
5.5 0.70866977429126 -0.6907799571223189
5.51 0.713699784538442 -0.6836681093281706
5.52 0.718729794785624 -0.6765059614315504
5.53 0.7237598050328065 -0.6692935134324577
5.54 0.7287898152799885 -0.6620307653308939
5.55 0.7338198255271705 -0.6547177171268582
5.56 0.7388498357743525 -0.6473543688203508
5.57 0.743879846021535 -0.6399407204113708
5.58 0.748909856268717 -0.6324767718999198
5.59 0.7539398665158989 -0.6249625232859968
5.6 0.758969876763081 -0.6173979745696021
5.61 0.7639998870102634 -0.6097831257507349
5.62 0.7690298972574455 -0.6021179768293965
5.63 0.7740599075046275 -0.5944025278055862
5.64 0.7790899177518095 -0.5866367786793043
5.65 0.784119927998992 -0.5788207294505497
5.66 0.789149938246174 -0.5709543801193241
5.67 0.794179948493356 -0.5630377306856266
5.68 0.799209958740538 -0.5550707811494573
5.69 0.8042399689877204 -0.5470535315108154
5.7 0.8092699792349025 -0.5389859817697025
5.71 0.8142999894820845 -0.5308681319261177
5.72 0.8193299997292665 -0.5226999819800612
5.73 0.824360009976449 -0.514481531931532
5.74 0.829390020223631 -0.5062127817805318
5.75 0.8344200304708129 -0.4978937315270597
5.76 0.839450040717995 -0.4895243811711159
5.77 0.844480050965177 -0.4811047307127002
5.78 0.8495100612123595 -0.4726347801518119
5.79 0.8545400714595415 -0.4641145294884526
5.8 0.8595700817067236 -0.4555439787226215
5.81 0.8646000919539055 -0.4469231278543185
5.82 0.8696301022010879 -0.438251976883543
5.83 0.87466011244827 -0.4295305258102964
5.84 0.879690122695452 -0.4207587746345779
5.85 0.884720132942634 -0.4119367233563877
5.86 0.8897501431898165 -0.4030643719757249
5.87 0.8947801534369985 -0.394141720492591
5.88 0.8998101636841804 -0.3851687689069853
5.89 0.9048401739313625 -0.3761455172189078
5.9 0.9098701841785449 -0.3670719654283576
5.91 0.9149001944257269 -0.3579481135353365
5.92 0.919930204672909 -0.3487739615398435
5.93 0.924960214920091 -0.3395495094418786
5.94 0.9299902251672735 -0.3302747572414412
5.95 0.9350202354144554 -0.3209497049385328
5.96 0.9400502456616375 -0.3115743525331525
5.97 0.9450802559088195 -0.3021487000253004
5.98 0.9501102661560019 -0.2926727474149757
5.99 0.955140276403184 -0.2831464947021799
6 0.960170286650366 -0.2735699418869124
6.01 0.9604986334319191 -0.2639665972865012
6.02 0.9608269802134722 -0.2543599692182744
6.03 0.9611553269950254 -0.2447500576822313
6.04 0.9614836737765786 -0.2351368626783735
6.05 0.9618120205581318 -0.2255203842067001
6.06 0.9621403673396849 -0.2159006222672113
6.07 0.962468714121238 -0.206277576859906
6.08 0.9627970609027912 -0.1966512479847861
6.09 0.9631254076843443 -0.1870216356418506
6.1 0.9634537544658974 -0.1773887398310996
6.11 0.9637821012474507 -0.1677525605525322
6.12 0.9641104480290038 -0.1581130978061501
6.13 0.9644387948105569 -0.1484703515919525
6.14 0.9647671415921101 -0.1388243219099394
6.15 0.9650954883736632 -0.1291750087601099
6.16 0.9654238351552163 -0.1195224121424657
6.17 0.9657521819367695 -0.109866532057006
6.18 0.9660805287183226 -0.1002073685037307
6.19 0.9664088754998759 -0.09054492148263907
6.2 0.966737222281429 -0.08087919099373275
6.21 0.9670655690629821 -0.07121017703701091
6.22 0.9673939158445353 -0.06153787961247351
6.23 0.9677222626260884 -0.05186229872011974
6.24 0.9680506094076415 -0.04218343435995128
6.25 0.9683789561891947 -0.03250128653196732
6.26 0.9687073029707479 -0.02281585523616786
6.27 0.9690356497523011 -0.01312714047255276
6.28 0.9693639965338542 -0.003435142241121347
6.29 0.9696923433154073 0.006260139458124758
6.3 0.9700206900969605 0.01595870462518639
6.31 0.9703490368785136 0.0256605532600635
6.32 0.9706773836600668 0.03536568536275708
6.33 0.97100573044162 0.0450741009332653
6.34 0.9713340772231731 0.05478579997158911
6.35 0.9716624240047262 0.06450078247772839
6.36 0.9719907707862794 0.07421904845168409
6.37 0.9723191175678325 0.08394059789345437
6.38 0.9726474643493856 0.09366543080304029
6.39 0.9729758111309388 0.1033935471804417
6.4 0.973304157912492 0.1131249470256595
6.41 0.9736325046940452 0.122859630338692
6.42 0.9739608514755983 0.13259759711954
6.43 0.9742891982571514 0.1423388473682036
6.44 0.9746175450387046 0.1520833810846835
6.45 0.9749458918202577 0.1618311982689781
6.46 0.9752742386018108 0.1715822989210882
6.47 0.9756025853833641 0.1813366830410139
6.48 0.9759309321649172 0.191094350628756
6.49 0.9762592789464704 0.2008553016843126
6.5 0.9765876257280235 0.2106195362076849
6.51 0.9721339183003292 0.2203631439278265
6.52 0.9676802108726349 0.2300622145736911
6.53 0.9632265034449402 0.2397167481452796
6.54 0.958772796017246 0.2493267446425904
6.55 0.9543190885895517 0.2588922040656241
6.56 0.9498653811618574 0.268413126414381
6.57 0.9454116737341627 0.2778895116888617
6.58 0.9409579663064684 0.2873213598890647
6.59 0.9365042588787742 0.2967086710149907
6.6 0.9320505514510798 0.3060514450666397
6.61 0.9275968440233852 0.3153496820440127
6.62 0.9231431365956909 0.3246033819471079
6.63 0.9186894291679967 0.3338125447759261
6.64 0.9142357217403023 0.3429771705304674
6.65 0.9097820143126076 0.3520972592107326
6.66 0.9053283068849134 0.36117281081672
6.67 0.9008745994572191 0.3702038253484305
6.68 0.8964208920295248 0.379190302805864
6.69 0.8919671846018301 0.3881322431890214
6.7 0.8875134771741359 0.3970296464979011
6.71 0.8830597697464415 0.4058825127325037
6.72 0.8786060623187473 0.4146908418928295
6.73 0.8741523548910526 0.4234546339788791
6.74 0.8696986474633583 0.4321738889906509
6.75 0.8652449400356641 0.4408486069281459
6.76 0.8607912326079697 0.4494787877913639
6.77 0.8563375251802755 0.4580644315803049
6.78 0.8518838177525808 0.4666055382949698
6.79 0.8474301103248865 0.4751021079353569
6.8 0.8429764028971922 0.4835541405014671
6.81 0.838522695469498 0.4919616359933003
6.82 0.8340689880418033 0.5003245944108574
6.83 0.8296152806141091 0.5086430157541368
6.84 0.8251615731864147 0.5169169000231393
6.85 0.8207078657587205 0.5251462472178647
6.86 0.8162541583310258 0.5333310573383141
6.87 0.8118004509033314 0.5414713303844857
6.88 0.8073467434756372 0.5495670663563803
6.89 0.8028930360479429 0.557618265253998
6.9 0.7984393286202482 0.5656249270773396
6.91 0.793985621192554 0.5735870518264035
6.92 0.7895319137648596 0.5815046395011902
6.93 0.7850782063371654 0.5893776901017003
6.94 0.7806244989094707 0.597206203627934
6.95 0.7761707914817764 0.60499018007989
6.96 0.7717170840540821 0.6127296194575691
6.97 0.7672633766263879 0.6204245217609714
6.98 0.7628096691986932 0.6280748869900973
6.99 0.7583559617709988 0.6356807151449455
7 0.7539022543433046 0.643242006225517
7.01 0.7457569156131392 0.650740302075299
7.02 0.7376115768829739 0.6581571445377794
7.03 0.7294662381528076 0.6654925336129588
7.04 0.7213208994226423 0.6727464693008359
7.05 0.7131755606924769 0.6799189516014114
7.06 0.7050302219623115 0.6870099805146852
7.07 0.6968848832321454 0.6940195560406579
7.08 0.6887395445019799 0.7009476781793285
7.09 0.6805942057718145 0.7077943469306972
7.1 0.6724488670416491 0.7145595622947644
7.11 0.664303528311483 0.7212433242715305
7.12 0.6561581895813176 0.7278456328609944
7.13 0.6480128508511522 0.7343664880631566
7.14 0.6398675121209868 0.7408058898780172
7.15 0.6317221733908207 0.7471638383055766
7.16 0.6235768346606553 0.7534403333458338
7.17 0.6154314959304898 0.7596353749987894
7.18 0.6072861572003245 0.7657489632644434
7.19 0.5991408184701583 0.7717810981427962
7.2 0.590995479739993 0.7777317796338468
7.21 0.5828501410098276 0.7836010077375958
7.22 0.5747048022796621 0.7893887824540431
7.23 0.566559463549496 0.7950951037831893
7.24 0.5584141248193306 0.8007199717250333
7.25 0.5502687860891652 0.8062633862795757
7.26 0.5421234473589998 0.8117253474468165
7.27 0.5339781086288344 0.8171058552267555
7.28 0.5258327698986682 0.8224049096193933
7.29 0.5176874311685029 0.827622510624729
7.3 0.5095420924383375 0.8327586582427632
7.31 0.501396753708172 0.8378133524734956
7.32 0.493251414978006 0.8427865933169268
7.33 0.4851060762478405 0.8476783807730559
7.34 0.4769607375176751 0.8524887148418835
7.35 0.4688153987875098 0.8572175955234093
7.36 0.4606700600573436 0.8618650228176339
7.37 0.4525247213271782 0.8664309967245564
7.38 0.4443793825970128 0.8709155172441772
7.39 0.4362340438668474 0.8753185843764965
7.4 0.4280887051366813 0.8796401981215143
7.41 0.4199433664065159 0.8838803584792303
7.42 0.4117980276763505 0.8880390654496445
7.43 0.4036526889461851 0.8921163190327571
7.44 0.395507350216019 0.8961121192285684
7.45 0.3873620114858535 0.9000264660370777
7.46 0.3792166727556882 0.9038593594582853
7.47 0.3710713340255228 0.9076107994921913
7.48 0.3629259952953566 0.9112807861387959
7.49 0.3547806565651912 0.9148693193980986
7.5 0.3466353178350258 0.9183763992700995
7.51 0.3367926108021532 0.9217935389132853
7.52 0.3269499037692807 0.9251122514861424
7.53 0.3171071967364072 0.9283325369886711
7.54 0.3072644897035346 0.9314543954208707
7.55 0.297421782670662 0.9344778267827416
7.56 0.2875790756377895 0.9374028310742838
7.57 0.277736368604916 0.9402294082954976
7.58 0.2678936615720435 0.9429575584463823
7.59 0.2580509545391709 0.9455872815269383
7.6 0.2482082475062983 0.9481185775371657
7.61 0.2383655404734248 0.9505514464770644
7.62 0.2285228334405523 0.9528858883466342
7.63 0.2186801264076797 0.9551219031458753
7.64 0.2088374193748071 0.9572594908747877
7.65 0.1989947123419337 0.9592986515333716
7.66 0.1891520053090611 0.9612393851216265
7.67 0.1793092982761885 0.9630816916395527
7.68 0.1694665912433159 0.9648255710871502
7.69 0.1596238842104425 0.9664710234644192
7.7 0.1497811771775699 0.9680180487713591
7.71 0.1399384701446973 0.9694666470079705
7.72 0.1300957631118247 0.970816818174253
7.73 0.1202530560789513 0.972068562270207
7.74 0.1104103490460787 0.9732218792958321
7.75 0.1005676420132061 0.9742767692511285
7.76 0.09072493498033357 0.9752332321360961
7.77 0.08088222794746097 0.9760912679507352
7.78 0.07103952091458754 0.9768508766950454
7.79 0.06119681388171494 0.9775120583690269
7.8 0.0513541068488424 0.9780748129726797
7.81 0.0415113998159698 0.9785391405060038
7.82 0.03166869278309636 0.9789050409689991
7.83 0.02182598575022376 0.9791725143616657
7.84 0.01198327871735122 0.9793415606840036
7.85 0.00214057168447862 0.9794121799360127
7.86 -0.007702135348394812 0.9793843721176931
7.87 -0.01754484238126741 0.9792581372290449
7.88 -0.02738754941414001 0.9790334752700678
7.89 -0.03723025644701256 0.978710386240762
7.9 -0.04707296347988599 0.9782888701411275
7.91 -0.05691567051275859 0.9777689269711644
7.92 -0.06675837754563119 0.9771505567308724
7.93 -0.07660108457850373 0.9764337594202517
7.94 -0.08644379161137722 0.9756185350393023
7.95 -0.09628649864424976 0.9747048835880241
7.96 -0.1061292056771224 0.9736928050664173
7.97 -0.1159719127099949 0.9725822994744817
7.98 -0.1258146197428684 0.9713733668122173
7.99 -0.1356573267757409 0.9700660070796243
8 -0.1455000338086135 0.9686602202767026
8.01 -0.1546302711861375 0.9671595687517289
8.02 -0.1637605085636616 0.9655676148529799
8.029999999999999 -0.1728907459411856 0.9638843585804557
8.039999999999999 -0.1820209833187096 0.9621097999341564
8.050000000000001 -0.1911512206962352 0.9602439389140813
8.06 -0.2002814580737592 0.9582867755202313
8.07 -0.2094116954512832 0.9562383097526062
8.08 -0.2185419328288072 0.9540985416112058
8.09 -0.2276721702063312 0.9518674710960301
8.1 -0.2368024075838552 0.9495450982070792
8.109999999999999 -0.2459326449613792 0.9471314229443532
8.119999999999999 -0.2550628823389032 0.9446264453078518
8.130000000000001 -0.2641931197164289 0.9420301652975747
8.140000000000001 -0.2733233570939529 0.9393425829135229
8.15 -0.2824535944714769 0.9365636981556957
8.16 -0.2915838318490009 0.9336935110240935
8.17 -0.3007140692265249 0.9307320215187158
8.18 -0.3098443066040489 0.9276792296395631
8.19 -0.3189745439815729 0.924535135386635
8.199999999999999 -0.3281047813590969 0.9212997387599318
8.210000000000001 -0.3372350187366225 0.9179730397594527
8.220000000000001 -0.3463652561141466 0.9145550383851988
8.23 -0.3554954934916705 0.9110457346371699
8.24 -0.3646257308691946 0.9074451285153656
8.25 -0.3737559682467186 0.9037532200197861
8.26 -0.3828862056242426 0.8999700091504313
8.27 -0.3920164430017666 0.8960954959073014
8.279999999999999 -0.4011466803792906 0.8921296802903962
8.289999999999999 -0.4102769177568146 0.8880725622997158
8.300000000000001 -0.4194071551343402 0.8839241419352594
8.31 -0.4285373925118642 0.8796844191970284
8.32 -0.4376676298893882 0.8753533940850222
8.33 -0.4467978672669123 0.8709310665992408
8.34 -0.4559281046444363 0.8664174367396842
8.35 -0.4650583420219603 0.8618125045063523
8.359999999999999 -0.4741885793994843 0.8571162698992452
8.369999999999999 -0.4833188167770083 0.8523287329183629
8.380000000000001 -0.4924490541545339 0.8474498935637044
8.390000000000001 -0.5015792915320579 0.8424797518352716
8.4 -0.510709528909582 0.8374183077330635
8.41 -0.5198397662871059 0.8322655612570801
8.42 -0.5289700036646299 0.8270215124073215
8.43 -0.538100241042154 0.8216861611837877
8.44 -0.547230478419678 0.8162595075864787
8.449999999999999 -0.5563607157972019 0.8107415516153944
8.460000000000001 -0.5654909531747276 0.8051322932705338
8.470000000000001 -0.5746211905522516 0.7994317325518991
8.48 -0.5837514279297756 0.7936398694594891
8.49 -0.5928816653072997 0.7877567039933038
8.5 -0.6020119026848236 0.7817822361533433
8.51 -0.6081942698688205 0.7757312052905752
8.52 -0.6143766370528175 0.7696183507559672
8.529999999999999 -0.6205590042368144 0.7634436725495192
8.539999999999999 -0.6267413714208113 0.7572071706712311
8.550000000000001 -0.6329237386048094 0.750908845121102
8.56 -0.6391061057888063 0.7445486958991341
8.57 -0.6452884729728032 0.7381267230053262
8.58 -0.6514708401568002 0.7316429264396783
8.59 -0.6576532073407971 0.7250973062021905
8.6 -0.663835574524794 0.7184898622928626
8.609999999999999 -0.670017941708791 0.7118205947116949
8.619999999999999 -0.6762003088927879 0.7050895034586872
8.630000000000001 -0.6823826760767859 0.6982965885338381
8.640000000000001 -0.6885650432607829 0.6914418499371504
8.65 -0.6947474104447798 0.6845252876686229
8.66 -0.7009297776287767 0.6775469017282552
8.67 -0.7071121448127737 0.6705066921160476
8.68 -0.7132945119967706 0.6634046588319999
8.69 -0.7194768791807675 0.6562408018761124
8.699999999999999 -0.7256592463647645 0.649015121248385
8.710000000000001 -0.7318416135487625 0.6417276169488162
8.720000000000001 -0.7380239807327595 0.6343782889774088
8.73 -0.7442063479167564 0.6269671373341613
8.74 -0.7503887151007533 0.6194941620190739
8.75 -0.7565710822847502 0.6119593630321466
8.76 -0.7627534494687472 0.6043627403733792
8.77 -0.7689358166527441 0.5967042940427719
8.779999999999999 -0.7751181838367411 0.5889840240403247
8.789999999999999 -0.781300551020738 0.5812019303660374
8.800000000000001 -0.787482918204736 0.5733580130199089
8.81 -0.7936652853887329 0.5654522720019417
8.82 -0.7998476525727299 0.5574847073121345
8.83 -0.8060300197567268 0.5494553189504874
8.84 -0.8122123869407238 0.5413641069170003
8.85 -0.8183947541247207 0.5332110712116733
8.859999999999999 -0.8245771213087176 0.5249962118345063
8.869999999999999 -0.8307594884927146 0.5167195287854993
8.880000000000001 -0.8369418556767126 0.5083810220646509
8.890000000000001 -0.8431242228607095 0.4999806916719639
8.9 -0.8493065900447065 0.491518537607437
8.91 -0.8554889572287034 0.4829945598710702
8.92 -0.8616713244127003 0.4744087584628633
8.93 -0.8678536915966972 0.4657611333828165
8.94 -0.8740360587806942 0.4570516846309297
8.949999999999999 -0.8802184259646912 0.448280412207203
8.960000000000001 -0.8864007931486892 0.4394473161116347
8.970000000000001 -0.8925831603326861 0.430552396344228
8.98 -0.898765527516683 0.4215956529049814
8.99 -0.9049478947006799 0.4125770857938947
9 -0.9111302618846769 0.4034966950109682


0 1
0.5 0.8775825618903728
1 0.5403023058681398
1.5 0.07073720166770291
2 -0.4161468365471424
2.5 -0.8011436155469337
3 -0.9899924966004454
3.5 -0.9364566872907963
4 -0.6536436208636119
4.5 -0.2107957994307797
5 0.2836621854632262
5.5 0.70866977429126
6 0.960170286650366
6.5 0.9765876257280235
7 0.7539022543433046
7.5 0.3466353178350258
8 -0.1455000338086135
8.5 -0.6020119026848236
9 -0.9111302618846769


0 1 -0.2210735457248133 0
0.01 0.997784512276653 -0.222023998944591 0.009988930481826763
0.02 0.9955595200211081 -0.2229744521643686 0.01995565856375907
0.03 0.9933250232333656 -0.2239249053841463 0.02990008920047493
0.04 0.9910810219134253 -0.2248753586039239 0.03982212734665239
0.05 0.9888275160612872 -0.2258258118237015 0.04972167795696945
0.06 0.9865645056769512 -0.2267762650434792 0.05959864598610413
0.07000000000000001 0.9842919907604175 -0.2277267182632568 0.06945293638873448
0.08 0.9820099713116861 -0.2286771714830345 0.07928445411953851
0.09 0.9797184473307569 -0.2296276247028121 0.0890931041331942
0.1 0.9774174188176298 -0.2305780779225898 0.09887879138437965
0.11 0.975106885772305 -0.2315285311423674 0.1086414208277728
0.12 0.9727868481947826 -0.2324789843621451 0.1183808974180517
0.13 0.9704573060850622 -0.2334294375819227 0.1280971261098945
0.14 0.9681182594431441 -0.2343798908017004 0.137790011857979
0.15 0.9657697082690282 -0.235330344021478 0.1474594596169833
0.16 0.9634116525627144 -0.2362807972412557 0.1571053743415856
0.17 0.9610440923242031 -0.2372312504610333 0.1667276609864637
0.18 0.9586670275534938 -0.238181703680811 0.1763262245062956
0.19 0.9562804582505867 -0.2391321569005886 0.1859009698557595
0.2 0.9538843844154821 -0.2400826101203662 0.1954518019895334
0.21 0.9514788060481795 -0.2410330633401439 0.2049786258622952
0.22 0.9490637231486792 -0.2419835165599215 0.214481346428723
0.23 0.9466391357169811 -0.2429339697796992 0.2239598686434948
0.24 0.9442050437530851 -0.2438844229994768 0.2334140974612886
0.25 0.9417614472569915 -0.2448348762192545 0.2428439378367825
0.26 0.9393083462287001 -0.2457853294390321 0.2522492947246545
0.27 0.9368457406682108 -0.2467357826588098 0.2616300730795825
0.28 0.9343736305755239 -0.2476862358785874 0.2709861778562447
0.29 0.9318920159506392 -0.2486366890983651 0.280317514009319
0.3 0.9294008967935566 -0.2495871423181427 0.2896239864934834
0.31 0.9269002731042763 -0.2505375955379204 0.2989055002634161
0.32 0.9243901448827981 -0.251488048757698 0.308161960273795
0.33 0.9218705121291223 -0.2524385019774756 0.3173932714792981
0.34 0.9193413748432486 -0.2533889551972533 0.3265993388346035
0.35 0.9168027330251773 -0.254339408417031 0.3357800672943891
0.36 0.9142545866749081 -0.2552898616368086 0.344935361813333
0.37 0.9116969357924412 -0.2562403148565863 0.3540651273461132
0.38 0.9091297803777764 -0.2571907680763639 0.3631692688474079
0.39 0.9065531204309139 -0.2581412212961415 0.3722476912718948
0.4 0.9039669559518535 -0.2590916745159192 0.3813002995742522
0.41 0.9013712869405954 -0.2600421277356968 0.3903269987091578
0.42 0.8987661133971396 -0.2609925809554745 0.39932769363129
0.43 0.896151435321486 -0.2619430341752521 0.4083022892953267
0.44 0.8935272527136345 -0.2628934873950298 0.4172506906559458
0.45 0.8908935655735853 -0.2638439406148074 0.4261728026678254
0.46 0.8882503739013383 -0.2647943938345851 0.4350685302856435
0.47 0.8855976776968936 -0.2657448470543627 0.4439377784640781
0.48 0.8829354769602511 -0.2666953002741403 0.4527804521578073
0.49 0.8802637716914108 -0.267645753493918 0.4615964563215092
0.5 0.8775825618903728 -0.2685962067136957 0.4703856959098616
0.51 0.8748154069621696 -0.2848347789269265 0.4791478210755594
0.52 0.8718858663118343 -0.3010733511401573 0.4878814627633645
0.53 0.8687939399393665 -0.3173119233533881 0.4965849971160556
0.54 0.8655396278447665 -0.333550495566619 0.5052568002764114
0.55 0.8621229300280341 -0.3497890677798498 0.5138952483872106
0.5600000000000001 0.8585438464891694 -0.3660276399930806 0.5224987175912317
0.57 0.8548023772281725 -0.3822662122063113 0.5310655840312535
0.58 0.8508985222450434 -0.3985047844195421 0.5395942238500546
0.59 0.8468322815397817 -0.414743356632773 0.5480830131904139
0.6 0.8426036551123878 -0.4309819288460037 0.5565303281951098
0.61 0.8382126429628616 -0.4472205010592346 0.5649345450069212
0.62 0.833659245091203 -0.4634590732724654 0.5732940397686266
0.63 0.8289434614974124 -0.4796976454856963 0.5816071886230049
0.64 0.8240652921814892 -0.495936217698927 0.5898723677128345
0.65 0.8190247371434337 -0.5121747899121579 0.5980879531808941
0.66 0.813821796383246 -0.5284133621253887 0.6062523211699627
0.67 0.8084564699009259 -0.5446519343386196 0.6143638478228187
0.68 0.8029287576964736 -0.5608905065518504 0.6224209092822408
0.6899999999999999 0.7972386597698889 -0.577129078765081 0.6304218816910077
0.7 0.791386176121172 -0.5933676509783119 0.638365141191898
0.71 0.7853713067503227 -0.6096062231915427 0.6462490639276907
0.72 0.7791940516573412 -0.6258447954047734 0.6540720260411641
0.73 0.7728544108422273 -0.6420833676180043 0.6618324036750971
0.74 0.766352384304981 -0.6583219398312352 0.6695285729722682
0.75 0.7596879720456026 -0.674560512044466 0.6771589100754563
0.76 0.7528611740640917 -0.6907990842576968 0.6847217911274399
0.77 0.7458719903604486 -0.7070376564709276 0.6922155922709976
0.78 0.7387204209346732 -0.7232762286841585 0.6996386896489084
0.79 0.7314064657867654 -0.7395148008973893 0.7069894594039506
0.8 0.7239301249167254 -0.7557533731106201 0.7142662776789033
0.8100000000000001 0.716291398324553 -0.771991945323851 0.7214675206165448
0.82 0.7084902860102484 -0.7882305175370816 0.7285915643596539
0.83 0.7005267879738114 -0.8044690897503124 0.7356367850510092
0.84 0.6924009042152421 -0.8207076619635433 0.7426015588333896
0.85 0.6841126347345405 -0.8369462341767741 0.7494842618495736
0.86 0.6756619795317067 -0.8531848063900049 0.75628327024234
0.87 0.6670489386067404 -0.8694233786032357 0.7629969601544673
0.88 0.6582735119596419 -0.8856619508164666 0.7696237077287343
0.89 0.6493356995904112 -0.9019005230296974 0.7761618891079198
0.9 0.640235501499048 -0.9181390952429282 0.7826098804348022
0.91 0.6309729176855525 -0.934377667456159 0.7889660578521602
0.92 0.6215479481499248 -0.9506162396693899 0.7952287975027728
0.93 0.6119605928921646 -0.9668548118826207 0.8013964755294183
0.9399999999999999 0.6022108519122724 -0.9830933840958513 0.8074674680748756
0.95 0.5922987252102477 -0.9993319563090822 0.8134401512819234
0.96 0.5822242127860908 -1.015570528522313 0.8193129012933401
0.97 0.5719873146398015 -1.031809100735544 0.8250840942519047
0.98 0.5615880307713799 -1.048047672948775 0.8307521063003958
0.99 0.5510263611808259 -1.064286245162005 0.8363153135815919
1 0.5403023058681398 -1.080524817375236 0.8417720922382719
1.01 0.5295253366161823 -1.074869033016262 0.8471211833191572
1.02 0.5188049252078145 -1.069213248657287 0.8523627874967409
1.03 0.5081410716430365 -1.063557464298313 0.8574974703494588
1.04 0.4975337759218482 -1.057901679939338 0.8625257974557469
1.05 0.4869830380442497 -1.052245895580364 0.867448334394041
1.06 0.4764888580102409 -1.046590111221389 0.8722656467427772
1.07 0.4660512358198219 -1.040934326862415 0.8769783000803911
1.08 0.4556701714729926 -1.03527854250344 0.8815868599853189
1.09 0.4453456649697531 -1.029622758144466 0.8860918920359964
1.1 0.4350777163101033 -1.023966973785491 0.8904939618108593
1.11 0.4248663254940433 -1.018311189426517 0.8947936348883437
1.12 0.414711492521573 -1.012655405067542 0.8989914768468854
1.13 0.4046132173926926 -1.006999620708568 0.9030880532649204
1.14 0.3945715001074017 -1.001343836349593 0.9070839297208845
1.15 0.3845863406657007 -0.9956880519906189 0.9109796717932137
1.16 0.3746577390675894 -0.9900322676316444 0.9147758450603438
1.17 0.3647856953130678 -0.9843764832726699 0.9184730151007108
1.18 0.354970209402136 -0.9787206989136954 0.9220717474927506
1.19 0.3452112813347939 -0.9730649145547209 0.9255726078148988
1.2 0.3355089111110415 -0.9674091301957464 0.9289761616455917
1.21 0.3258630987308789 -0.9617533458367719 0.9322829745632649
1.22 0.3162738441943061 -0.9560975614777973 0.9354936121463545
1.23 0.306741147501323 -0.9504417771188228 0.9386086399732964
1.24 0.2972650086519296 -0.9447859927598483 0.9416286236225263
1.25 0.287845427646126 -0.9391302084008738 0.9445541286724803
1.26 0.2784824044839121 -0.9334744240418993 0.9473857207015941
1.27 0.269175939165288 -0.9278186396829248 0.9501239652883038
1.28 0.2599260316902536 -0.9221628553239503 0.9527694280110452
1.29 0.2507326820588089 -0.9165070709649757 0.9553226744482541
1.3 0.2415958902709541 -0.9108512866060012 0.9577842701783666
1.31 0.2325156563266889 -0.9051955022470267 0.9601547807798186
1.32 0.2234919802260135 -0.8995397178880522 0.9624347718310458
1.33 0.2145248619689278 -0.8938839335290777 0.9646248089104842
1.34 0.205614301555432 -0.8882281491701032 0.9667254575965697
1.35 0.1967602989855258 -0.8825723648111287 0.9687372834677381
1.36 0.1879628542592093 -0.8769165804521541 0.9706608521024255
1.37 0.1792219673764827 -0.8712607960931797 0.9724967290790676
1.38 0.1705376383373459 -0.8656050117342053 0.9742454799761004
1.39 0.1619098671417988 -0.8599492273752307 0.9759076703719598
1.4 0.1533386537898413 -0.8542934430162563 0.9774838658450816
1.41 0.1448239982814736 -0.8486376586572818 0.9789746319739019
1.42 0.1363659006166957 -0.8429818742983073 0.9803805343368565
1.43 0.1279643607955075 -0.8373260899393328 0.9817021385123812
1.44 0.119619378817909 -0.8316703055803583 0.9829400100789119
1.45 0.1113309546839003 -0.8260145212213837 0.9840947146148846
1.46 0.1030990883934813 -0.8203587368624092 0.9851668176987352
1.47 0.09492377994665213 -0.8147029525034347 0.9861568849088995
1.48 0.08680502934341262 -0.8090471681444602 0.9870654818238136
1.49 0.07874283658376287 -0.8033913837854857 0.9878931740219131
1.5 0.07073720166770286 -0.7977355994265112 0.9886405270816341
1.51 0.06272463917803715 -0.8047768985066382 0.9893078949633551
1.52 0.05464166369757012 -0.8118181975867654 0.9898947851552254
1.53 0.04648827522630183 -0.8188594966668926 0.9904004935273372
1.54 0.03826447376423225 -0.8259007957470198 0.9908243159497822
1.55 0.02997025931136142 -0.832942094827147 0.9911655482926525
1.56 0.02160563186768931 -0.8399833939072742 0.9914234864260401
1.57 0.01317059143321592 -0.8470246929874014 0.991597426220037
1.58 0.004665138007941256 -0.8540659920675285 0.991686663544735
1.59 -0.003910728408134661 -0.8611072911476558 0.9916904942702264
1.6 -0.01255700781501187 -0.868148590227783 0.9916082142666031
1.61 -0.02127370021269034 -0.8751898893079102 0.9914391194039569
1.62 -0.03006080560117009 -0.8822311883880374 0.9911825055523799
1.63 -0.03891832398045091 -0.8892724874681643 0.9908376685819641
1.64 -0.0478462553505332 -0.8963137865482915 0.9904039043628016
1.65 -0.05684459971141675 -0.9033550856284187 0.9898805087649841
1.66 -0.06591335706310159 -0.9103963847085459 0.9892667776586038
1.67 -0.0750525274055877 -0.9174376837886731 0.9885620069137527
1.68 -0.08426211073887506 -0.9244789828688003 0.9877654924005228
1.69 -0.09354210706296373 -0.9315202819489276 0.9868765299890059
1.7 -0.1028925163778536 -0.9385615810290547 0.9858944155492941
1.71 -0.1123133386835448 -0.9456028801091819 0.9848184449514795
1.72 -0.1218045739800373 -0.9526441791893091 0.9836479140656539
1.73 -0.131366222267331 -0.9596854782694363 0.9823821187619094
1.74 -0.140998283545426 -0.9667267773495635 0.981020354910338
1.75 -0.1507007578143223 -0.9737680764296907 0.9795619183810316
1.76 -0.1604736450740198 -0.9808093755098178 0.9780061050440821
1.77 -0.1703169453245187 -0.987850674589945 0.9763522107695818
1.78 -0.1802306585658188 -0.9948919736700722 0.9745995314276225
1.79 -0.1902147847979202 -1.001933272750199 0.9727473628882961
1.8 -0.2002693240208228 -1.008974571830327 0.9707950010216947
1.81 -0.2103942762345267 -1.016015870910454 0.9687417416979103
1.82 -0.2205896414390318 -1.023057169990581 0.9665868807870348
1.83 -0.2308554196343383 -1.030098469070708 0.9643297141591604
1.84 -0.241191610820446 -1.037139768150835 0.9619695376843788
1.85 -0.2515982149973551 -1.044181067230963 0.9595056472327821
1.86 -0.2620752321650653 -1.05122236631109 0.9569373386744623
1.87 -0.2726226623235768 -1.058263665391217 0.9542639078795114
1.88 -0.2832405054728895 -1.065304964471344 0.9514846507180215
1.89 -0.2939287616130035 -1.072346263551471 0.9485988630600843
1.9 -0.3046874307439189 -1.079387562631598 0.945605840775792
1.91 -0.3155165128656355 -1.086428861711725 0.9425048797352367
1.92 -0.3264160079781534 -1.093470160791853 0.93929527580851
1.93 -0.3373859160814726 -1.10051145987198 0.9359763248657043
1.94 -0.3484262371755931 -1.107552758952107 0.9325473227769112
1.95 -0.3595369712605147 -1.114594058032234 0.929007565412223
1.96 -0.3707181183362377 -1.121635357112361 0.9253563486417316
1.97 -0.381969678402762 -1.128676656192489 0.9215929683355288
1.98 -0.3932916514600875 -1.135717955272616 0.917716720363707
1.99 -0.4046840375082143 -1.142759254352743 0.9137269005963577
2 -0.4161468365471424 -1.14980055343287 0.9096228049035734
2.01 -0.4275688806823842 -1.134608273615539 0.9054040997150941
2.02 -0.4388390020194532 -1.119415993798207 0.901071933699253
2.03 -0.4499572005583484 -1.104223713980876 0.8966278260840322
2.04 -0.4609234762990707 -1.089031434163544 0.8920732960974131
2.05 -0.4717378292416193 -1.073839154346213 0.887409862967378
2.06 -0.482400259385995 -1.058646874528881 0.882639045921908
2.07 -0.492910766732197 -1.04345459471155 0.8777623641889853
2.08 -0.5032693512802261 -1.028262314894218 0.8727813369965913
2.09 -0.5134760130300813 -1.013070035076887 0.867697483572708
2.1 -0.5235307519817637 -0.9978777552595549 0.8625123231453169
2.11 -0.5334335681352724 -0.9826854754422237 0.8572273749424001
2.12 -0.5431844614906083 -0.9674931956248919 0.8518441581919387
2.13 -0.5527834320477703 -0.9523009158075607 0.8463641921219152
2.14 -0.5622304798067594 -0.9371086359902289 0.8407889959603105
2.15 -0.571525604767575 -0.9219163561728977 0.8351200889351071
2.16 -0.5806688069302174 -0.9067240763555658 0.8293589902742863
2.17 -0.5896600862946862 -0.8915317965382346 0.82350721920583
2.18 -0.5984994428609821 -0.8763395167209027 0.8175662949577198
2.19 -0.6071868766291043 -0.8611472369035715 0.8115377367579377
2.2 -0.6157223875990536 -0.8459549570862397 0.8054230638344649
2.21 -0.6241059757708292 -0.8307626772689085 0.7992237954152839
2.22 -0.6323376411444317 -0.8155703974515767 0.7929414507283756
2.23 -0.6404173837198607 -0.8003781176342455 0.7865775490017224
2.24 -0.6483452034971168 -0.7851858378169136 0.7801336094633056
2.25 -0.6561211004761989 -0.7699935579995825 0.7736111513411074
2.26 -0.6637450746571081 -0.7548012781822513 0.7670116938631091
2.27 -0.671217126039844 -0.7396089983649194 0.7603367562572925
2.28 -0.6785372546244064 -0.7244167185475883 0.7535878577516395
2.29 -0.6857054604107958 -0.7092244387302564 0.7467665175741315
2.3 -0.6927217433990115 -0.6940321589129252 0.7398742549527508
2.31 -0.6995861035890543 -0.6788398790955934 0.7329125891154785
2.32 -0.7062985409809235 -0.6636475992782622 0.725883039290297
2.33 -0.7128590555746196 -0.6484553194609303 0.7187871247051874
2.34 -0.719267647370142 -0.6332630396435991 0.7116263645881318
2.35 -0.7255243163674915 -0.6180707598262672 0.7044022781671117
2.36 -0.7316290625666675 -0.6028784800089361 0.6971163846701092
2.37 -0.7375818859676703 -0.5876862001916042 0.6897702033251055
2.38 -0.7433827865704995 -0.572493920374273 0.682365253360083
2.39 -0.7490317643751557 -0.5573016405569412 0.6749030540030228
2.4 -0.7545288193816384 -0.54210936073961 0.6673851244819071
2.41 -0.7598739515899479 -0.5269170809222782 0.6598129840247172
2.42 -0.765067161000084 -0.511724801104947 0.6521881518594355
2.43 -0.7701084476120469 -0.4965325212876152 0.6445121472140428
2.44 -0.7749978114258362 -0.4813402414702839 0.6367864893165217
2.45 -0.7797352524414525 -0.466147961652952 0.6290126973948533
2.46 -0.7843207706588954 -0.4509556818356208 0.6211922906770199
2.47 -0.7887543660781648 -0.435763402018289 0.6133267883910026
2.48 -0.7930360386992611 -0.4205711222009578 0.6054177097647839
2.49 -0.7971657885221841 -0.405378842383626 0.5974665740263446
2.5 -0.8011436155469336 -0.3901865625662948 0.5894749004036675
2.51 -0.8050429834125047 -0.389687010547924 0.5814439632459369
2.52 -0.8089373557578923 -0.3891874585295532 0.5733740573871513
2.53 -0.8128267325830958 -0.3886879065111823 0.5652652327825131
2.54 -0.8167111138881158 -0.3881883544928115 0.5571175393872233
2.55 -0.8205904996729519 -0.3876888024744407 0.5489310271564847
2.56 -0.8244648899376047 -0.3871892504560698 0.5407057460454981
2.57 -0.8283342846820734 -0.3866896984376989 0.5324417460094665
2.58 -0.8321986839063586 -0.386190146419328 0.5241390770035906
2.59 -0.83605808761046 -0.3856905944009572 0.5157977889830733
2.6 -0.8399124957943778 -0.3851910423825863 0.5074179319031153
2.61 -0.8437619084581118 -0.3846914903642155 0.4989995557189196
2.62 -0.847606325601662 -0.3841919383458446 0.4905427103856871
2.63 -0.8514457472250286 -0.3836923863274738 0.4820474458586203
2.64 -0.8552801733282116 -0.3831928343091029 0.4735138120929204
2.65 -0.8591096039112107 -0.382693282290732 0.46494185904379
2.66 -0.8629340389740262 -0.3821937302723611 0.4563316366664302
2.67 -0.8667534785166578 -0.3816941782539903 0.4476831949160434
2.68 -0.8705679225391061 -0.3811946262356194 0.4389965837478309
2.69 -0.8743773710413703 -0.3806950742172486 0.4302718531169952
2.7 -0.878181824023451 -0.3801955221988777 0.4215090529787374
2.71 -0.8819812814853479 -0.3796959701805069 0.4127082332882601
2.72 -0.8857757434270612 -0.379196418162136 0.4038694440007644
2.73 -0.8895652098485907 -0.3786968661437651 0.3949927350714528
2.74 -0.8933496807499365 -0.3781973141253943 0.3860781564555266
2.75 -0.8971291561310984 -0.3776977621070234 0.377125758108188
2.76 -0.9009036359920768 -0.3771982100886526 0.3681355899846389
2.77 -0.9046731203328715 -0.3766986580702817 0.3591077020400805
2.78 -0.9084376091534825 -0.3761991060519109 0.3500421442297154
2.79 -0.9121971024539098 -0.37569955403354 0.3409389665087448
2.8 -0.9159516002341532 -0.3752000020151692 0.3317982188323712
2.81 -0.9197011024942131 -0.3747004499967983 0.3226199511557956
2.82 -0.9234456092340891 -0.3742008979784274 0.3134042134342208
2.83 -0.9271851204537818 -0.3737013459600566 0.3041510556228477
2.84 -0.9309196361532903 -0.3732017939416857 0.2948605276768791
2.85 -0.9346491563326155 -0.3727022419233149 0.2855326795515158
2.86 -0.9383736809917567 -0.372202689904944 0.2761675612019607
2.87 -0.9420932101307142 -0.3717031378865731 0.2667652225834146
2.88 -0.9458077437494882 -0.3712035858682023 0.2573257136510804
2.89 -0.9495172818480784 -0.3707040338498314 0.2478490843601588
2.9 -0.9532218244264847 -0.3702044818314605 0.2383353846658527
2.91 -0.9569213714847076 -0.3697049298130897 0.228784664523363
2.92 -0.9606159230227466 -0.3692053777947188 0.2191969738878925
2.93 -0.9643054790406019 -0.368705825776348 0.209572362714642
2.94 -0.9679900395382735 -0.3682062737579771 0.1999108809588144
2.95 -0.9716696045157616 -0.3677067217396062 0.1902125785756105
2.96 -0.9753441739730656 -0.3672071697212354 0.1804775055202331
2.97 -0.9790137479101862 -0.3667076177028645 0.1707057117478831
2.98 -0.9826783263271229 -0.3662080656844937 0.1608972472137633
2.99 -0.9863379092238762 -0.3657085136661228 0.1510521618730746
3 -0.9899924966004454 -0.365208961647752 0.1411705056810197
3.01 -0.9935501301008695 -0.3463177384370704 0.1312526351206533
3.02 -0.9969188513691868 -0.3274265152263879 0.1213001327864427
3.03 -1.000098660405397 -0.3085352920157063 0.1113148878007099
3.04 -1.003089557209501 -0.2896440688050239 0.1012987892857751
3.05 -1.005891541781498 -0.2707528455943423 0.09125372636396022
3.06 -1.008504614121388 -0.2518616223836598 0.08118158815758547
3.07 -1.010928774229171 -0.2329703991729782 0.0710842637889728
3.08 -1.013164022104847 -0.2140791759622958 0.06096364238044238
3.09 -1.015210357748417 -0.1951879527516142 0.05082161305431619
3.1 -1.01706778115988 -0.1762967295409318 0.04066006493291438
3.11 -1.018736292339236 -0.1574055063302502 0.03048088713855895
3.12 -1.020215891286485 -0.1385142831195677 0.02028596879357002
3.13 -1.021506578001627 -0.1196230599088861 0.0100771990202696
3.14 -1.022608352484663 -0.1007318366982037 -0.000143533059022205
3.15 -1.023521214735591 -0.08184061348752208 -0.01037433832198331
3.16 -1.024245164754413 -0.0629493902768396 -0.0206133276462937
3.17 -1.024780202541128 -0.044058167066158 -0.03085861190963124
3.18 -1.025126328095736 -0.02516694385547558 -0.04110830198967588
3.19 -1.025283541418237 -0.006275720644793981 -0.05136050876410564
3.2 -1.025251842508632 0.01261550256588845 -0.06161334311060027
3.21 -1.025031231366919 0.03150672577657004 -0.07186491590683794
3.22 -1.0246217079931 0.05039794898725253 -0.08211333803049833
3.23 -1.024023272387174 0.06928917219793412 -0.0923567203592596
3.24 -1.023235924549142 0.08818039540861655 -0.1025931737708015
3.25 -1.022259664479002 0.1070716186192981 -0.1128208091428021
3.26 -1.021094492176756 0.1259628418299797 -0.1230377373529407
3.27 -1.019740407642403 0.1448540650406622 -0.1332420692788969
3.28 -1.018197410875943 0.1637452882513438 -0.1434319157983485
3.29 -1.016465501877376 0.1826365114620262 -0.1536053877889754
3.3 -1.014544680646702 0.2015277346727078 -0.1637605961284556
3.31 -1.012434947183921 0.2204189578833903 -0.1738956516944691
3.32 -1.010136301489034 0.2393101810940719 -0.1840086653646937
3.33 -1.00764874356204 0.2582014043047544 -0.1940977480168094
3.34 -1.004972273402939 0.277092627515436 -0.2041610105284942
3.35 -1.002106891011731 0.2959838507261183 -0.2141965637774279
3.36 -0.9990525963884167 0.3148750739367999 -0.2242025186412885
3.37 -0.9958093895329952 0.3337662971474824 -0.2341769859977558
3.38 -0.9923772704454672 0.352657520358164 -0.244118076724508
3.39 -0.988756239125832 0.3715487435688465 -0.2540239016992248
3.4 -0.9849462955740903 0.3904399667795281 -0.2638925717995844
3.41 -0.9809474397902415 0.4093311899902105 -0.2737221979032663
3.42 -0.9767596717742859 0.428222413200892 -0.2835108908879488
3.43 -0.9723829915262234 0.4471136364115745 -0.2932567616313117
3.44 -0.9678173990460546 0.4660048596222561 -0.302957921011033
3.45 -0.9630628943337785 0.4848960828329386 -0.3126124799047925
3.46 -0.9581194773893956 0.5037873060436202 -0.3222185491902682
3.47 -0.9529871482129061 0.5226785292543026 -0.33177423974514
3.48 -0.9476659068043096 0.5415697524649842 -0.341277662447086
3.49 -0.9421557531636062 0.5604609756756667 -0.3507269281737859
3.5 -0.9364566872907965 0.5793521988863483 -0.3601201478029178
3.51 -0.9306659105151394 0.5788031562450691 -0.3694557562165919
3.52 -0.9248806241658949 0.5782541136037899 -0.378733484314642
3.53 -0.9191008282430636 0.5777050709625108 -0.3879533870013312
3.54 -0.9133265227466447 0.5771560283212316 -0.3971155191809246
3.55 -0.9075577076766389 0.5766069856799524 -0.4062199357576855
3.56 -0.9017943830330456 0.5760579430386732 -0.4152666916358788
3.57 -0.8960365488158655 0.575508900397394 -0.4242558417197678
3.58 -0.8902842050250978 0.5749598577561148 -0.4331874409136175
3.59 -0.8845373516607431 0.5744108151148357 -0.4420615441216912
3.6 -0.878795988722801 0.5738617724735565 -0.4508782062482538
3.61 -0.873060116211272 0.5733127298322773 -0.4596374821975686
3.62 -0.8673297341261555 0.5727636871909981 -0.4683394268739006
3.63 -0.8616048424674519 0.5722146445497189 -0.4769840951815131
3.64 -0.8558854412351611 0.5716656019084397 -0.485571542024671
3.65 -0.8501715304292833 0.5711165592671605 -0.4941018223076377
3.66 -0.8444631100498179 0.5705675166258813 -0.5025749909346781
3.67 -0.8387601800967656 0.5700184739846023 -0.5109911028100554
3.68 -0.8330627405701257 0.5694694313433231 -0.5193502128380347
3.69 -0.8273707914698991 0.5689203887020439 -0.5276523759228794
3.7 -0.821684332796085 0.5683713460607647 -0.5358976469688541
3.71 -0.8160033645486838 0.5678223034194855 -0.5440860808802225
3.72 -0.8103278867276952 0.5672732607782063 -0.5522177325612492
3.73 -0.8046578993331197 0.5667242181369272 -0.5602926569161977
3.74 -0.7989934023649566 0.566175175495648 -0.568310908849333
3.75 -0.7933343958232066 0.5656261328543688 -0.5762725432649183
3.76 -0.7876808797078696 0.5650770902130896 -0.5841776150672181
3.77 -0.782032854018945 0.5645280475718104 -0.592026179160497
3.78 -0.7763903187564333 0.5639790049305313 -0.5998182904490185
3.79 -0.7707532739203342 0.5634299622892521 -0.6075540038370471
3.8 -0.7651217195106483 0.5628809196479729 -0.6152333742288465
3.81 -0.7594956555273749 0.5623318770066937 -0.6228564565286814
3.82 -0.7538750819705143 0.5617828343654145 -0.6304233056408154
3.83 -0.7482599988400664 0.5612337917241353 -0.6379339764695131
3.84 -0.7426504061360317 0.5606847490828561 -0.6453885239190381
3.85 -0.7370463038584094 0.5601357064415771 -0.6527870028936551
3.86 -0.7314476920072001 0.5595866638002979 -0.6601294682976278
3.87 -0.7258545705824034 0.5590376211590187 -0.6674159750352205
3.88 -0.7202669395840197 0.5584885785177395 -0.6746465780106972
3.89 -0.7146847990120486 0.5579395358764603 -0.6818213321283223
3.9 -0.7091081488664905 0.5573904932351811 -0.6889402922923595
3.91 -0.703536989147345 0.5568414505939019 -0.6960035134070736
3.92 -0.6979713198546125 0.5562924079526228 -0.7030110503767277
3.93 -0.6924111409882926 0.5557433653113436 -0.7099629581055872
3.94 -0.6868564525483856 0.5551943226700644 -0.7168592914979151
3.95 -0.6813072545348912 0.5546452800287852 -0.7237001054579763
3.96 -0.6757635469478098 0.554096237387506 -0.7304854548900344
3.97 -0.670225329787141 0.5535471947462268 -0.7372153946983538
3.98 -0.6646926030528854 0.5529981521049477 -0.7438899797871985
3.99 -0.6591653667450421 0.5524491094636685 -0.7505092650608329
4 -0.6536436208636121 0.5519000668223893 -0.7570733054235207
4.01 -0.6480578610801795 0.5652518898641201 -0.7635819240984315
4.02 -0.6423385830663298 0.5786037129058508 -0.770034017584356
4.03 -0.6364857868220622 0.5919555359475827 -0.7764282506989904
4.04 -0.6304994723473779 0.6053073589893134 -0.7827632882600294
4.05 -0.6243796396422762 0.6186591820310441 -0.7890377950851696
4.06 -0.6181262887067572 0.6320110050727749 -0.7952504359921067
4.07 -0.6117394195408205 0.6453628281145067 -0.801399875798537
4.08 -0.6052190321444668 0.6587146511562375 -0.8074847793221552
4.09 -0.5985651265176959 0.6720664741979682 -0.813503811380658
4.1 -0.5917777026605078 0.6854182972396989 -0.8194556367917408
4.11 -0.5848567605729016 0.6987701202814308 -0.8253389203731003
4.12 -0.5778023002548788 0.7121219433231616 -0.8311523269424311
4.13 -0.5706143217064388 0.7254737663648922 -0.8368945213174296
4.14 -0.5632928249275813 0.738825589406623 -0.8425641683157916
4.15 -0.5558378099183059 0.7521774124483549 -0.8481599327552134
4.16 -0.5482492766786139 0.7655292354900857 -0.8536804794533899
4.17 -0.5405272252085045 0.7788810585318163 -0.8591244732280174
4.18 -0.5326716555079778 0.7922328815735471 -0.8644905788967917
4.19 -0.5246825675770331 0.805584704615279 -0.8697774612774092
4.2 -0.5165599614156718 0.8189365276570097 -0.8749837851875646
4.21 -0.5083038370238934 0.8322883506987404 -0.8801082154449543
4.22 -0.4999141944016975 0.8456401737404711 -0.8851494168672742
4.23 -0.4913910335490835 0.8589919967822031 -0.8901060542722204
4.24 -0.482734354466053 0.8723438198239337 -0.8949767924774881
4.25 -0.4739441571526052 0.8856956428656645 -0.8997602963007733
4.26 -0.4650204416087401 0.8990474659073953 -0.9044552305597718
4.27 -0.4559632078344577 0.9123992889491259 -0.9090602600721798
4.28 -0.4467724558297572 0.9257511119908579 -0.9135740496556932
4.29 -0.4374481855946401 0.9391029350325886 -0.917995264128007
4.3 -0.4279903971291057 0.9524547580743192 -0.9223225683068177
4.31 -0.4183990904331542 0.96580658111605 -0.9265546270098209
4.32 -0.4086742655067843 0.9791584041577819 -0.9306901050547129
4.33 -0.3988159223499981 0.9925102271995127 -0.9347276672591888
4.34 -0.3888240609627945 1.005862050241243 -0.9386659784409447
4.35 -0.3786986813451736 1.019213873282974 -0.9425037034176764
4.36 -0.3684397834971345 1.032565696324706 -0.9462395070070803
4.37 -0.358047367418679 1.045917519366437 -0.9498720540268513
4.38 -0.3475214331098063 1.059269342408167 -0.9534000092946856
4.39 -0.3368619805705161 1.072621165449898 -0.9568220376282792
4.4 -0.3260690098008078 1.08597298849163 -0.960136803845328
4.41 -0.3151425208006831 1.099324811533361 -0.9633429727635274
4.42 -0.304082513570141 1.112676634575092 -0.9664392092005736
4.43 -0.2928889881091817 1.126028457616822 -0.9694241779741621
4.44 -0.281561944417804 1.139380280658554 -0.9722965439019892
4.45 -0.2701013824960101 1.152732103700285 -0.9750549718017503
4.46 -0.2585073023437989 1.166083926742016 -0.9776981264911412
4.47 -0.2467797039611703 1.179435749783746 -0.9802246727878581
4.48 -0.2349185873481233 1.192787572825478 -0.9826332755095967
4.49 -0.2229239525046602 1.206139395867209 -0.9849225994740526
4.5 -0.2107957994307797 1.21949121890894 -0.9870913094989218
4.51 -0.1986470022915147 1.210268208944103 -0.9891384466491169
4.52 -0.1865904352518982 1.201045198979266 -0.9910645569784174
4.53 -0.1746260983119289 1.191822189014428 -0.9928705627878204
4.54 -0.162753991471609 1.182599179049591 -0.9945573863783216
4.55 -0.1509741147309376 1.173376169084754 -0.996125950050918
4.56 -0.1392864680899145 1.164153159119917 -0.9975771761066058
4.57 -0.1276910515485387 1.154930149155079 -0.9989119868463818
4.58 -0.1161878651068123 1.145707139190242 -1.000131304571242
4.59 -0.1047769087647343 1.136484129225406 -1.001236051582183
4.6 -0.0934581825223047 1.127261119260569 -1.002227150180202
4.61 -0.08223168637952244 1.118038109295731 -1.003105522666295
4.62 -0.07109742033638955 1.108815099330894 -1.003872091341458
4.63 -0.06005538439290503 1.099592089366057 -1.004527778506688
4.64 -0.04910557854906888 1.09036907940122 -1.005073506462982
4.65 -0.03824800280488013 1.081146069436383 -1.005510197511335
4.66 -0.02748265716034072 1.071923059471546 -1.005838773952745
4.67 -0.01680954161544967 1.062700049506709 -1.006060158088208
4.68 -0.006228656170206999 1.053477039541872 -1.006175272218719
4.69 0.004259999175388236 1.044254029577034 -1.006185038645277
4.7 0.01465642442133417 1.035031019612197 -1.006090379668877
4.71 0.02496061956763171 1.02580800964736 -1.005892217590516
4.72 0.03517258461428091 1.016584999682523 -1.00559147471119
4.73 0.04529231956128267 1.007361989717686 -1.005189073331896
4.74 0.05531982440863513 0.9981389797528487 -1.00468593575363
4.75 0.06525509915633922 0.9889159697880118 -1.004082984277389
4.76 0.07509814380439495 0.9796929598231748 -1.003381141204169
4.77 0.08484895835280229 0.970469949858338 -1.002581328834966
4.78 0.09450754280156218 0.9612469398935002 -1.001684469470778
4.79 0.1040738971506728 0.9520239299286632 -1.000691485412601
4.8 0.113548021400135 0.9428009199638263 -0.9996032989614301
4.81 0.1229299155499489 0.9335779099989895 -0.9984208324182633
4.82 0.1322195796001152 0.9243549000341518 -0.9971450080840966
4.83 0.1414170135506324 0.9151318900693148 -0.9957767482599265
4.84 0.1505222174015011 0.9059088801044779 -0.9943169752467494
4.85 0.1595351911527215 0.896685870139641 -0.992766611345562
4.86 0.1684559348042944 0.8874628601748032 -0.9911265788573604
4.87 0.177284448356218 0.8782398502099664 -0.9893978000831416
4.88 0.1860207318084933 0.8690168402451295 -0.9875811973239017
4.89 0.1946647851611202 0.8597938302802925 -0.9856776928806372
4.9 0.2032166084140995 0.8505708203154547 -0.9836882090543446
4.91 0.2116762015674297 0.8413478103506179 -0.9816136681460207
4.92 0.2200435646211115 0.832124800385781 -0.9794549924566617
4.93 0.228318697575145 0.8229017904209441 -0.977213104287264
4.94 0.2365016004295308 0.8136787804561063 -0.9748889259388241
4.95 0.2445922731842675 0.8044557704912694 -0.9724833797123388
4.96 0.2525907158393558 0.7952327605264324 -0.9699973879088044
4.97 0.2604969283947958 0.7860097505615955 -0.9674318728292173
4.98 0.2683109108505881 0.7767867405967579 -0.9647877567745738
4.99 0.2760326632067314 0.767563730631921 -0.9620659620458709
5 0.2836621854632262 0.758340720667084 -0.9592674109441048
5.01 0.2912639275612947 0.7620076989466434 -0.9563928109371346
5.02 0.2989023394421588 0.7656746772262026 -0.9534420101602697
5.03 0.3065774211058191 0.7693416555057623 -0.950414641915682
5.04 0.3142891725522744 0.7730086337853215 -0.9473103395055439
5.05 0.3220375937815252 0.7766756120648808 -0.9441287362320273
5.06 0.3298226847935716 0.78034259034444 -0.9408694653973042
5.07 0.3376444455884144 0.7840095686239996 -0.9375321603035464
5.08 0.345502876166052 0.7876765469035588 -0.9341164542529264
5.09 0.3533979765264852 0.7913435251831181 -0.9306219805476161
5.1 0.3613297466697141 0.7950105034626773 -0.9270483724897876
5.11 0.3692981865957392 0.798677481742237 -0.9233952633816124
5.12 0.3773032963045592 0.8023444600217962 -0.9196622865252633
5.13 0.3853450757961747 0.8060114383013555 -0.915849075222912
5.14 0.3934235250705859 0.8096784165809147 -0.9119552627767307
5.15 0.4015386441277934 0.8133453948604743 -0.9079804824888908
5.16 0.4096904329677958 0.8170123731400335 -0.9039243676615654
5.17 0.4178788915905937 0.8206793514195928 -0.8997865515969258
5.18 0.4261040199961873 0.824346329699152 -0.8955666675971443
5.19 0.4343658181845771 0.8280133079787116 -0.8912643489643925
5.2 0.4426642861557619 0.8316802862582708 -0.8868792290008433
5.21 0.4509994239097422 0.8353472645378301 -0.8824109410086681
5.22 0.4593712314465181 0.8390142428173895 -0.8778591182900393
5.23 0.4677797087660904 0.842681221096949 -0.8732233941471282
5.24 0.4762248558684575 0.8463481993765083 -0.868503401882108
5.25 0.4847066727536202 0.8500151776560675 -0.86369877479715
5.26 0.4932251594215785 0.8536821559356267 -0.8588091461944264
5.27 0.5017803158723324 0.857349134215186 -0.8538341493761094
5.28 0.5103721421058826 0.8610161124947455 -0.8487734176443702
5.29 0.5190006381222277 0.8646830907743048 -0.8436265843013822
5.3 0.5276658039213684 0.8683500690538641 -0.8383932826493166
5.31 0.5363676395033046 0.8720170473334233 -0.8330731459903457
5.32 0.5451061448680372 0.875684025612983 -0.827665807626641
5.33 0.5538813200155646 0.8793510038925422 -0.8221709008603754
5.34 0.5626931649458877 0.8830179821721015 -0.8165880589937206
5.35 0.5715416796590064 0.8866849604516607 -0.8109169153288485
5.36 0.5804268641549213 0.8903519387312203 -0.8051571031679308
5.37 0.5893487184336311 0.8940189170107795 -0.7993082558131405
5.38 0.5983072424951364 0.8976858952903388 -0.7933700065666491
5.39 0.6073024363394375 0.901352873569898 -0.7873419887306288
5.4 0.6163342999665349 0.9050198518494577 -0.7812238356072507
5.41 0.6254028333764271 0.9086868301290169 -0.7750151804986884
5.42 0.6345080365691148 0.9123538084085762 -0.7687156567071132
5.43 0.6436499095445981 0.9160207866881354 -0.762324897534697
5.44 0.652828452302878 0.919687764967695 -0.7558425362836116
5.45 0.6620436648439525 0.9233547432472542 -0.7492682062560299
5.46 0.6712955471678227 0.9270217215268135 -0.7426015407541235
5.47 0.6805840992744884 0.9306886998063728 -0.7358421730800644
5.48 0.6899093211639505 0.9343556780859323 -0.7289897365360241
5.49 0.6992712128362074 0.9380226563654916 -0.7220438644241758
5.5 0.70866977429126 0.9416896346450508 -0.7150041900466909
5.51 0.7179989329157249 0.9241420902479777 -0.7078707002811195
5.52 0.7271526160962192 0.9065945458509045 -0.7006447963065233
5.53 0.7361308238327434 0.8890470014538298 -0.6933282328773414
5.54 0.7449335561252962 0.8714994570567566 -0.6859227647480146
5.55 0.7535608129738781 0.8539519126596834 -0.6784301466729823
5.56 0.7620125943784894 0.8364043682626102 -0.6708521334066839
5.57 0.7702889003391308 0.8188568238655355 -0.6631904797035587
5.58 0.7783897308558005 0.8013092794684623 -0.6554469403180476
5.59 0.7863150859284996 0.7837617350713891 -0.6476232700045896
5.6 0.7940649655572281 0.7662141906743158 -0.6397212235176245
5.61 0.8016393697419864 0.7486666462772411 -0.6317425556115912
5.62 0.8090382984827732 0.7311191018801679 -0.6236890210409309
5.63 0.8162617517795894 0.7135715574830948 -0.6155623745600827
5.64 0.8233097296324348 0.6960240130860216 -0.6073643709234862
5.65 0.8301822320413101 0.6784764686889468 -0.5990967648855802
5.66 0.8368792590062141 0.6609289242918737 -0.5907613112008061
5.67 0.8434008105271473 0.6433813798948005 -0.5823597646236028
5.68 0.8497468866041098 0.6258338354977273 -0.5738938799084101
5.69 0.8559174872371021 0.6082862911006526 -0.5653654118096668
5.7 0.8619126124261232 0.5907387467035794 -0.5567761150818142
5.71 0.8677322621711735 0.5731912023065062 -0.5481277444792912
5.72 0.873376436472253 0.555643657909433 -0.5394220547565377
5.73 0.8788451353293624 0.5380961135123583 -0.5306608006679924
5.74 0.8841383587425005 0.5205485691152851 -0.5218457369680967
5.75 0.8892561067116679 0.503001024718212 -0.5129786184112893
5.76 0.8941983792368645 0.4854534803211388 -0.5040611997520101
5.77 0.8989651763180905 0.4679059359240656 -0.495095235744699
5.78 0.9035564979553461 0.4503583915269909 -0.4860824811437945
5.79 0.9079723441486305 0.4328108471299177 -0.4770246907037382
5.8 0.9122127148979442 0.4152633027328445 -0.4679236191789689
5.81 0.9162776102032871 0.3977157583357713 -0.4587810213239263
5.82 0.9201670300646597 0.3801682139386966 -0.4495986518930493
5.83 0.9238809744820612 0.3626206695416234 -0.4403782656407792
5.84 0.9274194434554922 0.3450731251445502 -0.431121617321555
5.85 0.9307824369849522 0.3275255807474771 -0.4218304616898164
5.86 0.9339699550704418 0.3099780363504023 -0.4125065535000021
5.87 0.9369819977119603 0.2924304919533292 -0.4031516475065536
5.88 0.9398185649095081 0.2748829475562559 -0.3937674984639098
5.89 0.9424796566630853 0.2573354031591827 -0.3843558611265105
5.9 0.9449652729726918 0.239787858762108 -0.3749184902487943
5.91 0.9472754138383277 0.2222403143650348 -0.3654571405852028
5.92 0.9494100792599927 0.2046927699679616 -0.3559735668901747
5.93 0.9513692692376868 0.1871452255708884 -0.3464695239181499
5.94 0.9531529837714104 0.1695976811738137 -0.3369467664235671
5.95 0.9547612228611632 0.1520501367767405 -0.3274070491608678
5.96 0.9561939865069451 0.1345025923796673 -0.3178521268844909
5.97 0.9574512747087564 0.1169550479825942 -0.3082837543488759
5.98 0.9585330874665969 0.09940750358551942 -0.2987036863084618
5.99 0.9594394247804667 0.08185995918844624 -0.2891136775176901
6 0.9601702866503661 0.06431241479137306 -0.2795154827309995
6.01 0.9608071152509524 0.06305330532593077 -0.2699105852289142
6.02 0.9614313527568846 0.06179419586048848 -0.2602993823962964
6.03 0.9620429991681623 0.06053508639504607 -0.2506820001440916
6.04 0.9626420544847855 0.05927597692960378 -0.2410585643832482
6.05 0.9632285187067543 0.05801686746416148 -0.2314292010247118
6.06 0.9638023918340688 0.05675775799871919 -0.221794035979429
6.07 0.9643636738667287 0.05549864853327678 -0.2121531951583455
6.08 0.9649123648047343 0.05423953906783449 -0.2025068044724095
6.09 0.9654484646480853 0.05298042960239219 -0.1928549898325667
6.1 0.9659719733967821 0.0517213201369499 -0.1831978771497637
6.11 0.9664828910508244 0.0504622106715075 -0.1735355923349461
6.12 0.9669812176102123 0.0492031012060652 -0.1638682612990623
6.13 0.9674669530749457 0.0479439917406229 -0.1541960099530578
6.14 0.9679400974450247 0.04668488227518061 -0.1445189642078793
6.15 0.9684006507204493 0.04542577280973821 -0.1348372499744724
6.16 0.9688486129012195 0.04416666334429591 -0.1251509931637854
6.17 0.9692839839873352 0.04290755387885362 -0.115460319686764
6.18 0.9697067639787966 0.04164844441341133 -0.1057653554543546
6.19 0.9701169528756035 0.04038933494796892 -0.09606622637750312
6.2 0.9705145506777559 0.03913022548252663 -0.0863630583671576
6.21 0.9708995573852539 0.03787111601708433 -0.07665597733426391
6.22 0.9712719729980976 0.03661200655164204 -0.06694510918976845
6.23 0.9716317975162869 0.03535289708619963 -0.05723057984461702
6.24 0.9719790309398216 0.03409378762075733 -0.04751251520975777
6.25 0.972313673268702 0.03283467815531504 -0.03779104119613649
6.26 0.9726357245029279 0.03157556868987275 -0.02806628371469966
6.27 0.9729451846424995 0.03031645922443046 -0.01833836867639388
6.28 0.9732420536874166 0.02905734975898805 -0.008607421992164743
6.29 0.9735263316376792 0.02779824029354576 0.001126430427039415
6.3 0.9737980184932875 0.02653913082810346 0.01086306267027293
6.31 0.9740571142542412 0.02528002136266117 0.02060234882658918
6.32 0.9743036189205407 0.02402091189721876 0.03034416298504267
6.33 0.9745375324921857 0.02276180243177647 0.04008837923468495
6.34 0.9747588549691762 0.02150269296633418 0.04983487166457046
6.35 0.9749675863515124 0.02024358350089188 0.05958351436375253
6.36 0.975163726639194 0.01898447403544948 0.06933418142128567
6.37 0.9753472758322212 0.01772536457000718 0.07908674692622136
6.38 0.9755182339305942 0.01646625510456489 0.08884108496761411
6.39 0.9756766009343126 0.01520714563912259 0.09859706963451731
6.4 0.9758223768433767 0.01394803617368019 0.1083545750159853
6.41 0.9759555616577862 0.0126889267082379 0.1181134752010698
6.42 0.9760761553775414 0.0114298172427956 0.1278736442788251
6.43 0.9761841580026421 0.01017070777735331 0.1376349563383047
6.44 0.9762795695330885 0.0089115983119109 0.1473972854685629
6.45 0.9763623899688804 0.007652488846468609 0.1571605057586514
6.46 0.9764326193100179 0.006393379381026312 0.1669244912976245
6.47 0.9764902575565009 0.005134269915584022 0.1766891161745358
6.48 0.9765353047083295 0.003875160450141614 0.1864542544784395
6.49 0.9765677607655037 0.002616050984699324 0.1962197802983873
6.5 0.9765876257280235 0.001356941519257027 0.2059855677234336
6.51 0.9765118496063584 -0.01651216585229038 0.2157512140093334
6.52 0.9762573824109777 -0.03438127322383779 0.225515209078648
6.53 0.9758242241418815 -0.05225038059538679 0.235275766020641
6.54 0.97521237479907 -0.07011948796693421 0.2450310979245737
6.55 0.9744218343825429 -0.08798859533848162 0.2547794178797096
6.56 0.9734526028923004 -0.105857702710029 0.2645189389753118
6.57 0.9723046803283423 -0.123726810081578 0.2742478743006437
6.58 0.9709780666906687 -0.1415959174531254 0.2839644369449666
6.59 0.9694727619792798 -0.1594650248246728 0.2936668399975443
6.6 0.9677887661941754 -0.1773341321962203 0.3033532965476394
6.61 0.9659260793353553 -0.1952032395677692 0.3130220196845158
6.62 0.9638847014028199 -0.2130723469393167 0.3226712224974346
6.63 0.961664632396569 -0.2309414543108641 0.3322991180756595
6.64 0.9592658723166028 -0.2488105616824115 0.3419039195084532
6.65 0.9566884211629207 -0.2666796690539605 0.3514838398850796
6.66 0.9539322789355235 -0.2845487764255079 0.3610370922947997
6.67 0.9509974456344106 -0.3024178837970553 0.3705618898268773
6.68 0.9478839212595824 -0.3202869911686027 0.3800564455705751
6.69 0.9445917058110385 -0.3381560985401517 0.3895189726151569
6.7 0.9411207992887792 -0.3560252059116991 0.3989476840498839
6.71 0.9374712016928046 -0.3738943132832466 0.4083407929640197
6.72 0.9336429130231144 -0.391763420654794 0.4176965124468273
6.73 0.9296359332797085 -0.409632528026343 0.4270130555875701
6.74 0.9254502624625874 -0.4275016353978904 0.4362886354755094
6.75 0.9210859005717509 -0.4453707427694378 0.445521465199909
6.76 0.916542847607199 -0.4632398501409852 0.4547097578500317
6.77 0.9118211035689313 -0.4811089575125326 0.4638517265151402
6.78 0.906920668456948 -0.4989780648840816 0.4729455842844983
6.79 0.9018415422712496 -0.516847172255629 0.4819895442473672
6.8 0.8965837250118357 -0.5347162796271764 0.4909818194930106
6.81 0.8911472166787062 -0.5525853869987238 0.4999206231106911
6.82 0.8855320172718608 -0.5704544943702728 0.5088041681896727
6.83 0.8797381267913005 -0.5883236017418202 0.5176306678192164
6.84 0.8737655452370248 -0.6061927091133676 0.5263983350885859
6.85 0.8676142726090335 -0.6240618164849151 0.5351053830870441
6.86 0.8612843089073261 -0.6419309238564641 0.5437500249038547
6.87 0.8547756541319038 -0.6598000312280115 0.5523304736282788
6.88 0.8480883082827662 -0.6776691385995589 0.5608449423495799
6.89 0.841222271359913 -0.6955382459711063 0.5692916441570213
6.9 0.8341775433633438 -0.7134073533426553 0.5776687921398662
6.91 0.8269541242930596 -0.7312764607142027 0.5859745993873762
6.92 0.81955201414906 -0.7491455680857502 0.5942072789888146
6.93 0.8119712129313449 -0.7670146754572975 0.6023650440334447
6.94 0.8042117206399136 -0.7848837828288465 0.6104461076105296
6.95 0.7962735372747677 -0.802752890200394 0.6184486828093309
6.96 0.788156662835906 -0.8206219975719413 0.6263709827191122
6.97 0.7798610973233291 -0.8384911049434888 0.6342112204291364
6.98 0.7713868407370359 -0.8563602123150378 0.6419676090286668
6.99 0.762733893077028 -0.8742293196865851 0.649638361606965
7 0.7539022543433047 -0.8920984270581326 0.6572216912532947
7.01 0.7449967829835318 -0.8889958448964697 0.6647161605850773
7.02 0.7361223374453756 -0.8858932627348067 0.6721217303323703
7.03 0.7272789177288352 -0.8827906805731435 0.6794387107533906
7.04 0.7184665238339123 -0.8796880984114805 0.6866674121063528
7.05 0.709685155760606 -0.8765855162498176 0.6938081446494739
7.06 0.7009348135089164 -0.8734829340881547 0.7008612186409701
7.07 0.6922154970788424 -0.8703803519264914 0.7078269443390579
7.08 0.6835272064703861 -0.8672777697648285 0.7147056320019526
7.09 0.6748699416835463 -0.8641751876031656 0.7214975918878708
7.1 0.6662437027183232 -0.8610726054415027 0.7282031342550286
7.11 0.6576484895747159 -0.8579700232798395 0.7348225693616429
7.12 0.649084302252726 -0.8548674411181766 0.7413562074659286
7.13 0.6405511407523528 -0.8517648589565135 0.7478043588261025
7.14 0.632049005073596 -0.8486622767948506 0.7541673337003808
7.15 0.6235778952164553 -0.8455596946331875 0.7604454423469801
7.16 0.6151378111809319 -0.8424571124715245 0.7666389950241156
7.17 0.6067287529670252 -0.8393545303098616 0.7727483019900039
7.18 0.598350720574735 -0.8362519481481987 0.7787736735028612
7.19 0.5900037140040608 -0.8331493659865354 0.7847154198209043
7.2 0.5816877332550039 -0.8300467838248725 0.7905738512023481
7.21 0.5734027783275637 -0.8269442016632096 0.7963492779054094
7.22 0.5651488492217401 -0.8238416195015467 0.8020420101883046
7.23 0.5569259459375324 -0.8207390373398834 0.8076523583092499
7.24 0.5487340684749421 -0.8176364551782205 0.8131806325264608
7.25 0.5405732168339683 -0.8145338730165576 0.8186271430981539
7.26 0.5324433910146112 -0.8114312908548946 0.8239922002825454
7.27 0.5243445910168708 -0.8083287086932317 0.8292761143378513
7.28 0.5162768168407462 -0.8052261265315684 0.8344791955222883
7.29 0.508240068486239 -0.8021235443699055 0.8396017540940719
7.3 0.5002343459533485 -0.7990209622082426 0.8446441003114183
7.31 0.4922596492420745 -0.7959183800465797 0.849606544432544
7.32 0.4843159783524165 -0.7928157978849164 0.8544893967156655
7.33 0.4764033332843758 -0.7897132157232535 0.859292967418998
7.34 0.4685217140379518 -0.7866106335615906 0.8640175668007581
7.35 0.4606711206131444 -0.7835080513999276 0.8686635051191621
7.36 0.4528515530099528 -0.7804054692382645 0.8732310926324266
7.37 0.4450630112283787 -0.7773028870766014 0.8777206395987669
7.38 0.4373054952684212 -0.7742003049149386 0.8821324562763994
7.39 0.4295790051300802 -0.7710977227532756 0.8864668529235404
7.4 0.4218835408133553 -0.7679951405916124 0.8907241397984066
7.41 0.4142191023182477 -0.7648925584299495 0.8949046271592132
7.42 0.4065856896447567 -0.7617899762682866 0.8990086252641767
7.43 0.3989833027928822 -0.7586873941066237 0.9030364443715135
7.44 0.3914119417626238 -0.7555848119449604 0.9069883947394399
7.45 0.3838716065539827 -0.7524822297832975 0.9108647866261717
7.46 0.3763622971669582 -0.7493796476216346 0.9146659302899247
7.47 0.3688840136015503 -0.7462770654599716 0.918392135988916
7.48 0.3614367558577584 -0.7431744832983084 0.9220437139813613
7.49 0.3540205239355838 -0.7400719011366454 0.9256209745254766
7.5 0.3466353178350258 -0.7369693189749825 0.9291242278794782
7.51 0.3392161643684137 -0.7468613743474741 0.9325535677242901
7.52 0.3316980903480767 -0.7567534297199658 0.9359082214316673
7.53 0.324081095774014 -0.7666454850924583 0.9391871997960727
7.54 0.3163651806462272 -0.7765375404649499 0.9423895136119687
7.55 0.3085503449647154 -0.7864295958374415 0.9455141736738181
7.56 0.3006365887294787 -0.7963216512099333 0.9485601907760838
7.57 0.2926239119405163 -0.8062137065824257 0.9515265757132286
7.58 0.2845123145978298 -0.8161057619549174 0.9544123392797151
7.59 0.2763017967014183 -0.825997817327409 0.957216492270006
7.6 0.2679923582512819 -0.8358898726999007 0.9599380454785643
7.61 0.2595839992474199 -0.8457819280723932 0.9625760096998528
7.62 0.2510767196898337 -0.8556739834448848 0.9651293957283337
7.63 0.2424705195785226 -0.8655660388173765 0.9675972143584702
7.64 0.2337653989134865 -0.8754580941898681 0.969978476384725
7.65 0.2249613576947248 -0.8853501495623606 0.9722721926015609
7.66 0.2160583959222389 -0.8952422049348523 0.9744773738034405
7.67 0.2070565135960281 -0.9051342603073439 0.9765930307848266
7.68 0.1979557107160924 -0.9150263156798355 0.9786181743401819
7.69 0.188755987282431 -0.924918371052328 0.9805518152639694
7.7 0.1794573432950455 -0.9348104264248196 0.9823929643506515
7.71 0.170059778753935 -0.9447024817973113 0.9841406323946912
7.72 0.1605632936590996 -0.9545945371698029 0.9857938301905511
7.73 0.1509678880105385 -0.9644865925422954 0.9873515685326941
7.74 0.1412735618082533 -0.9743786479147871 0.9888128582155828
7.75 0.1314803150522432 -0.9842707032872787 0.99017671003368
7.76 0.1215881477425081 -0.9941627586597703 0.9914421347814486
7.77 0.1115970598790482 -1.004054814032262 0.9926081432533511
7.78 0.1015070514618624 -1.013946869404755 0.9936737462438505
7.79 0.09131812249095264 -1.023838924777246 0.9946379545474093
7.8 0.08103027296631793 -1.033730980149738 0.9954997789584904
7.81 0.07064350288795831 -1.043623035522229 0.9962582302715566
7.82 0.06015781225587287 -1.053515090894722 0.9969123192810705
7.83 0.04957320107006342 -1.063407146267214 0.997461056781495
7.84 0.03888966933052902 -1.073299201639705 0.9979034535672927
7.85 0.02810721703726973 -1.083191257012197 0.9982385204329265
7.86 0.01722584419028461 -1.093083312384689 0.998465268172859
7.87 0.006245550789575491 -1.102975367757181 0.9985827075815531
7.88 -0.004833663164858545 -1.112867423129673 0.9985898494534714
7.89 -0.0160117976730175 -1.122759478502164 0.9984857045830768
7.9 -0.02728885273490238 -1.132651533874657 0.998269283764832
7.91 -0.03866482835051116 -1.142543589247148 0.9979395977931997
7.92 -0.05013972451984487 -1.15243564461964 0.9974956574626427
7.93 -0.06171354124290347 -1.162327699992132 0.9969364735676237
7.94 -0.07338627851968807 -1.172219755364624 0.9962610569026055
7.95 -0.08515793635019646 -1.182111810737116 0.9954684182620509
7.96 -0.09702851473442983 -1.192003866109608 0.9945575684404225
7.97 -0.1089980136723881 -1.201895921482099 0.9935275182321832
7.98 -0.1210664331640724 -1.211787976854592 0.9923772784317956
7.99 -0.1332337732094805 -1.221680032227083 0.9911058598337227
8 -0.1455000338086135 -1.231572087599575 0.9897122732324269
8.01 -0.1577520450146396 -1.218830153605689 0.9881959066555275
8.02 -0.1698766368807268 -1.206088219611803 0.9865576570632674
8.029999999999999 -0.1818738094068752 -1.193346285617917 0.9847987986490461
8.039999999999999 -0.1937435625930846 -1.180604351624031 0.982920605606263
8.050000000000001 -0.2054858964393574 -1.167862417630143 0.9809243521283173
8.06 -0.2171008109456891 -1.155120483636257 0.9788113124086087
8.07 -0.228588306112082 -1.142378549642371 0.9765827606405367
8.08 -0.239948381938536 -1.129636615648485 0.9742399710175004
8.09 -0.2511810384250512 -1.116894681654599 0.9717842177328992
8.1 -0.2622862755716275 -1.104152747660714 0.9692167749801326
8.109999999999999 -0.2732640933782651 -1.091410813666828 0.9665389169525999
8.119999999999999 -0.2841144918449636 -1.078668879672942 0.9637519178437005
8.130000000000001 -0.2948374709717254 -1.065926945679054 0.9608570518468333
8.140000000000001 -0.3054330307585462 -1.053185011685168 0.9578555931553988
8.15 -0.3159011712054282 -1.040443077691282 0.9547488159627957
8.16 -0.3262418923123714 -1.027701143697396 0.9515379944624235
8.17 -0.3364551940793756 -1.01495920970351 0.9482244028476815
8.18 -0.3465410765064412 -1.002217275709624 0.9448093153119692
8.19 -0.3564995395935677 -0.989475341715738 0.941294006048686
8.199999999999999 -0.3663305833407555 -0.9767334077218521 0.9376797492512312
8.210000000000001 -0.3760342077480061 -0.963991473727964 0.9339678191130035
8.220000000000001 -0.3856104128153161 -0.9512495397340781 0.9301594898274037
8.23 -0.3950591985426872 -0.9385076057401922 0.9262560355878304
8.24 -0.4043805649301195 -0.9257656717463062 0.9222587305876833
8.25 -0.413574511977613 -0.9130237377524203 0.9181688490203613
8.26 -0.4226410396851675 -0.9002818037585344 0.9139876650792642
8.27 -0.4315801480527833 -0.8875398697646484 0.9097164529577914
8.279999999999999 -0.4403918370804601 -0.8747979357707625 0.9053564868493419
8.289999999999999 -0.4490761067681981 -0.8620560017768766 0.9009090409473154
8.300000000000001 -0.4576329571159988 -0.8493140677829885 0.8963753894451104
8.31 -0.4660623881238591 -0.8365721337891026 0.891756806536128
8.32 -0.4743643997917805 -0.8238301997952167 0.8870545664137666
8.33 -0.4825389921197631 -0.8110882658013308 0.8822699432714257
8.34 -0.4905861651078068 -0.7983463318074447 0.8774042113025047
8.35 -0.4985059187559116 -0.7856043978135588 0.8724586447004029
8.359999999999999 -0.5062982530640775 -0.7728624638196729 0.8674345176585198
8.369999999999999 -0.5139631680323048 -0.760120529825787 0.8623331043702547
8.380000000000001 -0.5215006636605943 -0.7473785958318988 0.8571556790290061
8.390000000000001 -0.5289107399489437 -0.7346366618380129 0.8519035158281753
8.4 -0.5361933968973543 -0.721894727844127 0.8465778889611606
8.41 -0.543348634505826 -0.7091527938502411 0.8411800726213615
8.42 -0.5503764527743588 -0.6964108598563552 0.8357113410021775
8.43 -0.5572768517029528 -0.6836689258624692 0.8301729682970077
8.44 -0.5640498312916078 -0.6709269918685833 0.8245662286992518
8.449999999999999 -0.5706953915403241 -0.6581850578746974 0.8188923964023089
8.460000000000001 -0.5772135324491027 -0.6454431238808093 0.8131527455995776
8.470000000000001 -0.5836042540179412 -0.6327011898869233 0.8073485504844593
8.48 -0.589867556246841 -0.6199592558930374 0.8014810852503522
8.49 -0.5960034391358017 -0.6072173218991515 0.7955516240906558
8.5 -0.6020119026848236 -0.5944753879052656 0.7895614411987695
8.51 -0.6079614088299751 -0.595425841125043 0.7835115825616391
8.52 -0.6139204195073242 -0.5963762943448206 0.7774021813403963
8.529999999999999 -0.6198889347168712 -0.5973267475645984 0.7712331424897189
8.539999999999999 -0.625866954458616 -0.598277200784376 0.7650043709642851
8.550000000000001 -0.6318544787325595 -0.5992276540041538 0.7587157717187717
8.56 -0.6378515075386999 -0.6001781072239314 0.7523672497078591
8.57 -0.6438580408770379 -0.601128560443709 0.745958709886224
8.58 -0.6498740787475737 -0.6020790136634866 0.7394900572085445
8.59 -0.6558996211503073 -0.6030294668832642 0.7329611966294988
8.6 -0.6619346680852388 -0.6039799201030419 0.7263720331037647
8.609999999999999 -0.6679792195523681 -0.6049303733228195 0.7197224715860203
8.619999999999999 -0.6740332755516949 -0.6058808265425971 0.7130124170309436
8.630000000000001 -0.6800968360832207 -0.6068312797623749 0.7062417743932116
8.640000000000001 -0.6861699011469433 -0.6077817329821525 0.6994104486275043
8.65 -0.6922524707428634 -0.6087321862019301 0.6925183446884989
8.66 -0.6983445448709816 -0.6096826394217079 0.6855653675308734
8.67 -0.7044461235312973 -0.6106330926414855 0.6785514221093056
8.68 -0.7105572067238111 -0.6115835458612631 0.6714764133784737
8.69 -0.7166777944485224 -0.6125339990810407 0.6643402462930557
8.699999999999999 -0.7228078867054316 -0.6134844523008183 0.6571428258077296
8.710000000000001 -0.7289474834945396 -0.6144349055205961 0.6498840568771721
8.720000000000001 -0.7350965848158443 -0.6153853587403737 0.6425638444560638
8.73 -0.7412551906693468 -0.6163358119601514 0.6351820934990815
8.74 -0.7474233010550472 -0.617286265179929 0.6277387089609032
8.75 -0.7536009159729451 -0.6182367183997066 0.620233595796207
8.76 -0.759788035423041 -0.6191871716194842 0.6126666589596707
8.77 -0.7659846594053346 -0.6201376248392618 0.6050378034059725
8.779999999999999 -0.772190787919826 -0.6210880780590395 0.5973469340897903
8.789999999999999 -0.778406420966515 -0.6220385312788171 0.5895939559658022
8.800000000000001 -0.784631558545403 -0.622988984498595 0.5817787739886849
8.81 -0.7908662006564878 -0.6239394377183726 0.5739012931131191
8.82 -0.7971103472997704 -0.6248898909381502 0.5659614182937815
8.83 -0.8033639984752505 -0.6258403441579278 0.5579590544853501
8.84 -0.8096271541829286 -0.6267907973777054 0.5498941066425028
8.85 -0.8158998144228043 -0.6277412505974831 0.5417664797199179
8.859999999999999 -0.822181979194878 -0.6286917038172607 0.5335760786722732
8.869999999999999 -0.8284736484991493 -0.6296421570370383 0.5253228084542467
8.880000000000001 -0.8347748223356195 -0.6305926102568161 0.517006574020515
8.890000000000001 -0.8410855007042866 -0.6315430634765937 0.5086272803257592
8.9 -0.8474056836051512 -0.6324935166963713 0.5001848323246556
8.91 -0.8537353710382136 -0.6334439699161489 0.4916791349718825
8.92 -0.8600745630034738 -0.6343944231359266 0.4831100932221178
8.93 -0.8664232595009319 -0.6353448763557042 0.4744776120300394
8.94 -0.8727814605305878 -0.6362953295754818 0.4657815963503255
8.949999999999999 -0.8791491660924413 -0.6372457827952595 0.457021951137654
8.960000000000001 -0.8855263761864938 -0.6381962360150373 0.4481985813467015
8.970000000000001 -0.8919130908127429 -0.6391466892348149 0.439311391932149
8.98 -0.8983093099711899 -0.6400971424545926 0.430360287848673
8.99 -0.9047150336618345 -0.6410475956743702 0.4213451740509516
9 -0.9111302618846768 -0.6419980488941478 0.4122659554936627
