0 1
0.02 1
0.04 1
0.06 1
0.08 1
0.1 1
0.12 1
0.14 1
0.16 1
0.18 1
0.2 1
0.22 1
0.24 1
0.26 1
0.28 1
0.3 1
0.32 1
0.34 1
0.36 1
0.38 1
0.4 1
0.42 1
0.44 1
0.46 1
0.48 1
0.5 1
0.52 1
0.54 1
0.56 1
0.58 1
0.6 1
0.62 1
0.64 1
0.66 1
0.68 1
0.7 1
0.72 1
0.74 1
0.76 1
0.78 1
0.8 1
0.82 1
0.84 1
0.86 1
0.88 1
0.9 1
0.92 1
0.940000000000001 1
0.960000000000001 1
0.980000000000001 1
1 1
1.02 1
1.04 1
1.06 1
1.08 1
1.1 1
1.12 1
1.14 1
1.16 1
1.18 1
1.2 1
1.22 1
1.24 1
1.26 1
1.28 1
1.3 1
1.32 1
1.34 1
1.36 1
1.38 1
1.4 1
1.42 1
1.44 1
1.46 1
1.48 1
1.5 1
1.52 1
1.54 1
1.56 1
1.58 1
1.6 1
1.62 1
1.64 1
1.66 1
1.68 1
1.7 1
1.72 1
1.74 1
1.76 1
1.78 1
1.8 1
1.82 1
1.84 1
1.86 1
1.88 1
1.9 1
1.92 1
1.94 1
1.96 1
1.98 1
2 1
2.02 1
2.04 1
2.06 1
2.08 1
2.1 1
2.12 1
2.14 1
2.16 1
2.18 1
2.2 1
2.22 1
2.24 1
2.26 1
2.28 1
2.3 1
2.32 1
2.34 1
2.36 1
2.38 1
2.4 1
2.42 1
2.44 1
2.46 1
2.48 1
2.5 1
2.52 1
2.54 1
2.56 1
2.58 1
2.6 1
2.62 1
2.64 1
2.66 1
2.68 1
2.7 1
2.72 1
2.74 1
2.76 1
2.78 1
2.8 1
2.82 1
2.84 1
2.86 1
2.88 1
2.9 1
2.92 1
2.94 1
2.96 1
2.98 1
3 1
3.02 1
3.04 1
3.06 1
3.08 1
3.1 1
3.12 1
3.14 1
3.16 1
3.18 1
3.2 1
3.22 1
3.24 1
3.26 1
3.28 1
3.3 1
3.32 1
3.34 1
3.36 1
3.38 1
3.4 1
3.42 1
3.44 1
3.46 1
3.48 1
3.5 1
3.52 1
3.54 1
3.56 1
3.58 1
3.6 1
3.62 1
3.64 1
3.66 1
3.68 1
3.7 1
3.72 1
3.74 1
3.76 1
3.78 1
3.8 1
3.82 1
3.84 1
3.86 1
3.88 1
3.9 1
3.92 1
3.94 1
3.96 1
3.98 1
4 1
4.02 1
4.04 1
4.06 1
4.08 1
4.1 1
4.12 1
4.14 1
4.16 1
4.18 1
4.2 1
4.22 1
4.24 1
4.26 1
4.28 1
4.3 1
4.32 1
4.34 1
4.35999999999999 1
4.37999999999999 1
4.39999999999999 1
4.41999999999999 1
4.43999999999999 1
4.45999999999999 1
4.47999999999999 1
4.49999999999999 1
4.51999999999999 1
4.53999999999999 1
4.55999999999999 1
4.57999999999999 1
4.59999999999999 1
4.61999999999999 1
4.63999999999999 1
4.65999999999999 1
4.67999999999999 1
4.69999999999999 1
4.71999999999999 1
4.73999999999999 1
4.75999999999999 1
4.77999999999999 1
4.79999999999999 1
4.81999999999999 1
4.83999999999998 1
4.85999999999998 1
4.87999999999998 1
4.89999999999998 1
4.91999999999998 1
4.93999999999998 1
4.95999999999998 1
4.97999999999998 1
4.99999999999998 1
5.01999999999998 1
5.03999999999998 1
5.05999999999998 1
5.07999999999998 1
5.09999999999998 1
5.11999999999998 1
5.13999999999998 1
5.15999999999998 1
5.17999999999998 1
5.19999999999998 1
5.21999999999998 1
5.23999999999998 1
5.25999999999998 1
5.27999999999998 1
5.29999999999997 1
5.31999999999997 1
5.33999999999997 1
5.35999999999997 1
5.37999999999997 1
5.39999999999997 1
5.41999999999997 1
5.43999999999997 1
5.45999999999997 1
5.47999999999997 1
5.49999999999997 1
5.51999999999997 1
5.53999999999997 1
5.55999999999997 1
5.57999999999997 1
5.59999999999997 1
5.61999999999997 1
5.63999999999997 1
5.65999999999997 1
5.67999999999997 1
5.69999999999997 1
5.71999999999997 1
5.73999999999997 1
5.75999999999997 1
5.77999999999996 1
5.79999999999996 1
5.81999999999996 1
5.83999999999996 1
5.85999999999996 1
5.87999999999996 1
5.89999999999996 1
5.91999999999996 1
5.93999999999996 1
5.95999999999996 1
5.97999999999996 1
5.99999999999996 1
6.01999999999996 1
6.03999999999996 1
6.05999999999996 1
6.07999999999996 1
6.09999999999996 1
6.11999999999996 1
6.13999999999996 1
6.15999999999996 1
6.17999999999996 1
6.19999999999996 1
6.21999999999996 1
6.23999999999995 1
6.25999999999995 1
6.27999999999995 1
6.29999999999995 1
6.31999999999995 1
6.33999999999995 1
6.35999999999995 1
6.37999999999995 1
6.39999999999995 1
6.41999999999995 1
6.43999999999995 1
6.45999999999995 1
6.47999999999995 1
6.49999999999995 1
6.51999999999995 1
6.53999999999995 1
6.55999999999995 1
6.57999999999995 1
6.59999999999995 1
6.61999999999995 1
6.63999999999995 1
6.65999999999995 1
6.67999999999995 1
6.69999999999995 1
6.71999999999994 1
6.73999999999994 1
6.75999999999994 1
6.77999999999994 1
6.79999999999994 1
6.81999999999994 1
6.83999999999994 1
6.85999999999994 1
6.87999999999994 1
6.89999999999994 1
6.91999999999994 1
6.93999999999994 1
6.95999999999994 1
6.97999999999994 1
6.99999999999994 1
7.01999999999994 1
7.03999999999994 1
7.05999999999994 1
7.07999999999994 1
7.09999999999994 1
7.11999999999994 1
7.13999999999994 1
7.15999999999994 1
7.17999999999993 1
7.19999999999993 1
7.21999999999993 1
7.23999999999993 1
7.25999999999993 1
7.27999999999993 1
7.29999999999993 1
7.31999999999993 1
7.33999999999993 1
7.35999999999993 1
7.37999999999993 1
7.39999999999993 1
7.41999999999993 1
7.43999999999993 1
7.45999999999993 1
7.47999999999993 1
7.49999999999993 1
7.51999999999993 1
7.53999999999993 1
7.55999999999993 1
7.57999999999993 1
7.59999999999993 1
7.61999999999993 1
7.63999999999993 1
7.65999999999992 1
7.67999999999992 1
7.69999999999992 1
7.71999999999992 1
7.73999999999992 1
7.75999999999992 1
7.77999999999992 1
7.79999999999992 1
7.81999999999992 1
7.83999999999992 1
7.85999999999992 1
7.87999999999992 1
7.89999999999992 1
7.91999999999992 1
7.93999999999992 1
7.95999999999992 1
7.97999999999992 1
7.99999999999992 1
8.01999999999992 1
8.03999999999992 1
8.05999999999992 1
8.07999999999992 1
8.09999999999992 1
8.11999999999992 1
8.13999999999992 1
8.15999999999991 1
8.17999999999991 1
8.19999999999991 1
8.21999999999991 1
8.23999999999991 1
8.25999999999991 1
8.27999999999991 1
8.29999999999991 1
8.31999999999991 1
8.33999999999991 1
8.35999999999991 1
8.37999999999991 1
8.39999999999991 1
8.41999999999991 1
8.43999999999991 1
8.45999999999991 1
8.47999999999991 1
8.49999999999991 1
8.51999999999991 1
8.53999999999991 1
8.55999999999991 1
8.57999999999991 1
8.59999999999991 1
8.61999999999991 1
8.6399999999999 1
8.6599999999999 1
8.6799999999999 1
8.6999999999999 1
8.7199999999999 1
8.7399999999999 1
8.7599999999999 1
8.7799999999999 1
8.7999999999999 1
8.8199999999999 1
8.8399999999999 1
8.8599999999999 1
8.8799999999999 1
8.8999999999999 1
8.9199999999999 1
8.9399999999999 1
8.9599999999999 1
8.9799999999999 1
8.9999999999999 1
9.0199999999999 1
9.0399999999999 1
9.0599999999999 1
9.0799999999999 1
9.09999999999989 1
9.11999999999989 1
9.13999999999989 1
9.15999999999989 1
9.17999999999989 1
9.19999999999989 1
9.21999999999989 1
9.23999999999989 1
9.25999999999989 1
9.27999999999989 1
9.29999999999989 1
9.31999999999989 1
9.33999999999989 1
9.35999999999989 1
9.37999999999989 1
9.39999999999989 1
9.41999999999989 1
9.43999999999989 1
9.45999999999989 1
9.47999999999989 1
9.49999999999989 1
9.51999999999989 1
9.53999999999989 1
9.55999999999989 1
9.57999999999988 1
9.59999999999988 1
9.61999999999988 1
9.63999999999988 1
9.65999999999988 1
9.67999999999988 1
9.69999999999988 1
9.71999999999988 1
9.73999999999988 1
9.75999999999988 1
9.77999999999988 1
9.79999999999988 1
9.81999999999988 1
9.83999999999988 1
9.85999999999988 1
9.87999999999988 1
9.89999999999988 1
9.91999999999988 1
9.93999999999988 1
9.95999999999988 1
9.97999999999988 1
9.99999999999988 1
10.0199999999999 1
10.0399999999999 1
10.0599999999999 1
10.0799999999999 1
10.0999999999999 1
10.1199999999999 1
10.1399999999999 1
10.1599999999999 1
10.1799999999999 1
10.1999999999999 1
10.2199999999999 1
10.2399999999999 1
10.2599999999999 1
10.2799999999999 1
10.2999999999999 1
10.3199999999999 1
10.3399999999999 1
10.3599999999999 1
10.3799999999999 1
10.3999999999999 1
10.4199999999999 1
10.4399999999999 1
10.4599999999999 1
10.4799999999999 1
10.4999999999999 1
10.5199999999999 1
10.5399999999999 1
10.5599999999999 1
10.5799999999999 1
10.5999999999999 1
10.6199999999999 1
10.6399999999999 1
10.6599999999999 1
10.6799999999999 1
10.6999999999999 1
10.7199999999999 1
10.7399999999999 1
10.7599999999999 1
10.7799999999999 1
10.7999999999999 1
10.8199999999999 1
10.8399999999999 1
10.8599999999999 1
10.8799999999999 1
10.8999999999999 1
10.9199999999999 1
10.9399999999999 1
10.9599999999999 1
10.9799999999999 1
10.9999999999999 1
11.0199999999999 1
11.0399999999999 1
11.0599999999999 1
11.0799999999999 1
11.0999999999999 1
11.1199999999999 1
11.1399999999999 1
11.1599999999999 1
11.1799999999999 1
11.1999999999999 1
11.2199999999998 1
11.2399999999998 1
11.2599999999998 1
11.2799999999998 1
11.2999999999998 1
11.3199999999998 1
11.3399999999998 1
11.3599999999998 1
11.3799999999998 1
11.3999999999998 1
11.4199999999998 1
11.4399999999998 1
11.4599999999998 1
11.4799999999998 1
11.4999999999998 1
11.5199999999998 1
11.5399999999998 1
11.5599999999998 1
11.5799999999998 1
11.5999999999998 1
11.6199999999998 1
11.6399999999998 1
11.6599999999998 1
11.6799999999998 1
11.6999999999998 1
11.7199999999998 1
11.7399999999998 1
11.7599999999998 1
11.7799999999998 1
11.7999999999998 1
11.8199999999998 1
11.8399999999998 1
11.8599999999998 1
11.8799999999998 1
11.8999999999998 1
11.9199999999998 1
11.9399999999998 1
11.9599999999998 1
11.9799999999998 1
11.9999999999998 1
12.0199999999998 1
12.0399999999998 1
12.0599999999998 1
12.0799999999998 1
12.0999999999998 1
12.1199999999998 1
12.1399999999998 1
12.1599999999998 1
12.1799999999998 1
12.1999999999998 1
12.2199999999998 1
12.2399999999998 1
12.2599999999998 1
12.2799999999998 1
12.2999999999998 1
12.3199999999998 1
12.3399999999998 1
12.3599999999998 1
12.3799999999998 1
12.3999999999998 1
12.4199999999998 1
12.4399999999998 1
12.4599999999998 1
12.4799999999998 1
12.4999999999998 1
12.5199999999998 1
12.5399999999998 1
12.5599999999998 1
12.5799999999998 1
12.5999999999998 1
12.6199999999998 1
12.6399999999998 1
12.6599999999998 1
12.6799999999998 1
12.6999999999998 1
12.7199999999998 1
12.7399999999998 1
12.7599999999998 1
12.7799999999998 1
12.7999999999998 1
12.8199999999998 1
12.8399999999998 1
12.8599999999998 1
12.8799999999998 1
12.8999999999998 1
12.9199999999998 1
12.9399999999998 1
12.9599999999998 1
12.9799999999998 1
12.9999999999998 1
13.0199999999998 1
13.0399999999998 1
13.0599999999998 1
13.0799999999998 1
13.0999999999998 1
13.1199999999998 1
13.1399999999998 1
13.1599999999998 1
13.1799999999998 1
13.1999999999998 1
13.2199999999998 1
13.2399999999998 1
13.2599999999998 1
13.2799999999998 1
13.2999999999998 1
13.3199999999998 1
13.3399999999998 1
13.3599999999998 1
13.3799999999998 1
13.3999999999998 1
13.4199999999998 1
13.4399999999998 1
13.4599999999998 1
13.4799999999998 1
13.4999999999998 1
13.5199999999998 1
13.5399999999998 1
13.5599999999998 1
13.5799999999998 1
13.5999999999998 1
13.6199999999998 1
13.6399999999998 1
13.6599999999998 1
13.6799999999998 1
13.6999999999998 1
13.7199999999998 1
13.7399999999998 1
13.7599999999998 1
13.7799999999998 1
13.7999999999998 1
13.8199999999998 1
13.8399999999998 1
13.8599999999998 1
13.8799999999998 1
13.8999999999998 1
13.9199999999998 1
13.9399999999998 1
13.9599999999998 1
13.9799999999998 1
13.9999999999998 1
14.0199999999998 1
14.0399999999998 1
14.0599999999998 1
14.0799999999998 1
14.0999999999998 1
14.1199999999998 1
14.1399999999998 1
14.1599999999998 1
14.1799999999998 1
14.1999999999998 1
14.2199999999998 1
14.2399999999998 1
14.2599999999998 1
14.2799999999998 1
14.2999999999998 1
14.3199999999998 1
14.3399999999998 1
14.3599999999998 1
14.3799999999998 1
14.3999999999998 1
14.4199999999998 1
14.4399999999998 1
14.4599999999998 1
14.4799999999998 1
14.4999999999998 1
14.5199999999998 1
14.5399999999998 1
14.5599999999998 1
14.5799999999998 1
14.5999999999998 1
14.6199999999998 1
14.6399999999998 1
14.6599999999998 1
14.6799999999998 1
14.6999999999998 1
14.7199999999998 1
14.7399999999998 1
14.7599999999998 1
14.7799999999998 1
14.7999999999998 1
14.8199999999998 1
14.8399999999998 1
14.8599999999998 1
14.8799999999998 1
14.8999999999998 1
14.9199999999998 1
14.9399999999998 1
14.9599999999998 1
14.9799999999998 1
14.9999999999998 1
15.0199999999998 1
15.0399999999998 1
15.0599999999998 1
15.0799999999998 1
15.0999999999998 1
15.1199999999998 1
15.1399999999998 1
15.1599999999998 1
15.1799999999998 1
15.1999999999998 1
15.2199999999998 1
15.2399999999998 1
15.2599999999998 1
15.2799999999998 1
15.2999999999998 1
15.3199999999998 1
15.3399999999998 1
15.3599999999998 1
15.3799999999998 1
15.3999999999998 1
15.4199999999998 1
15.4399999999998 1
15.4599999999998 1
15.4799999999998 1
15.4999999999998 1
15.5199999999998 1
15.5399999999998 1
15.5599999999998 1
15.5799999999998 1
15.5999999999998 1
15.6199999999998 1
15.6399999999998 1
15.6599999999998 1
15.6799999999998 1
15.6999999999998 1
15.7199999999998 1
15.7399999999998 1
15.7599999999998 1
15.7799999999998 1
15.7999999999998 1
15.8199999999998 1
15.8399999999998 1
15.8599999999998 1
15.8799999999998 1
15.8999999999997 1
15.9199999999997 1
15.9399999999997 1
15.9599999999997 1
15.9799999999997 1
15.9999999999997 1
16.0199999999997 1
16.0399999999997 1
16.0599999999997 1
16.0799999999997 1
16.0999999999997 1
16.1199999999997 1
16.1399999999997 1
16.1599999999997 1
16.1799999999997 1
16.1999999999997 1
16.2199999999997 1
16.2399999999997 1
16.2599999999997 1
16.2799999999997 1
16.2999999999997 1
16.3199999999997 1
16.3399999999997 1
16.3599999999997 1
16.3799999999997 1
16.3999999999997 1
16.4199999999997 1
16.4399999999997 1
16.4599999999997 1
16.4799999999997 1
16.4999999999997 1
16.5199999999997 1
16.5399999999997 1
16.5599999999997 1
16.5799999999997 1
16.5999999999997 1
16.6199999999997 1
16.6399999999997 1
16.6599999999997 1
16.6799999999997 1
16.6999999999997 1
16.7199999999997 1
16.7399999999997 1
16.7599999999997 1
16.7799999999997 1
16.7999999999997 1
16.8199999999997 1
16.8399999999997 1
16.8599999999997 1
16.8799999999997 1
16.8999999999997 1
16.9199999999997 1
16.9399999999997 1
16.9599999999997 1
16.9799999999997 1
16.9999999999997 1
17.0199999999997 1
17.0399999999997 1
17.0599999999997 1
17.0799999999997 1
17.0999999999997 1
17.1199999999997 1
17.1399999999997 1
17.1599999999997 1
17.1799999999997 1
17.1999999999997 1
17.2199999999997 1
17.2399999999997 1
17.2599999999997 1
17.2799999999997 1
17.2999999999997 1
17.3199999999997 1
17.3399999999997 1
17.3599999999997 1
17.3799999999997 1
17.3999999999997 1
17.4199999999997 1
17.4399999999997 1
17.4599999999997 1
17.4799999999997 1
17.4999999999997 1
17.5199999999997 1
17.5399999999997 1
17.5599999999997 1
17.5799999999997 1
17.5999999999997 1
17.6199999999997 1
17.6399999999997 1
17.6599999999997 1
17.6799999999997 1
17.6999999999997 1
17.7199999999997 1
17.7399999999997 1
17.7599999999997 1
17.7799999999997 1
17.7999999999997 1
17.8199999999997 1
17.8399999999997 1
17.8599999999997 1
17.8799999999997 1
17.8999999999997 1
17.9199999999997 1
17.9399999999997 1
17.9599999999997 1
17.9799999999997 1
17.9999999999997 1
18.0199999999997 1
18.0399999999997 1
18.0599999999997 1
18.0799999999997 1
18.0999999999997 1
18.1199999999997 1
18.1399999999997 1
18.1599999999997 1
18.1799999999997 1
18.1999999999997 1
18.2199999999997 1
18.2399999999997 1
18.2599999999997 1
18.2799999999997 1
18.2999999999997 1
18.3199999999997 1
18.3399999999997 1
18.3599999999997 1
18.3799999999997 1
18.3999999999997 1
18.4199999999997 1
18.4399999999997 1
18.4599999999997 1
18.4799999999997 1
18.4999999999997 1
18.5199999999997 1
18.5399999999997 1
18.5599999999997 1
18.5799999999997 1
18.5999999999997 1
18.6199999999997 1
18.6399999999997 1
18.6599999999997 1
18.6799999999997 1
18.6999999999997 1
18.7199999999997 1
18.7399999999997 1
18.7599999999997 1
18.7799999999997 1
18.7999999999997 1
18.8199999999997 1
18.8399999999997 1
18.8599999999997 1
18.8799999999997 1
18.8999999999997 1
18.9199999999997 1
18.9399999999997 1
18.9599999999997 1
18.9799999999997 1
18.9999999999997 1
19.0199999999997 1
19.0399999999997 1
19.0599999999997 1
19.0799999999997 1
19.0999999999997 1
19.1199999999997 1
19.1399999999997 1
19.1599999999997 1
19.1799999999997 1
19.1999999999997 1
19.2199999999997 1
19.2399999999997 1
19.2599999999997 1
19.2799999999997 1
19.2999999999997 1
19.3199999999997 1
19.3399999999997 1
19.3599999999997 1
19.3799999999997 1
19.3999999999997 1
19.4199999999997 1
19.4399999999997 1
19.4599999999997 1
19.4799999999997 1
19.4999999999997 1
19.5199999999997 1
19.5399999999997 1
19.5599999999997 1
19.5799999999997 1
19.5999999999997 1
19.6199999999997 1
19.6399999999997 1
19.6599999999997 1
19.6799999999997 1
19.6999999999997 1
19.7199999999997 1
19.7399999999997 1
19.7599999999997 1
19.7799999999997 1
19.7999999999997 1
19.8199999999997 1
19.8399999999997 1
19.8599999999997 1
19.8799999999997 1
19.8999999999997 1
19.9199999999997 1
19.9399999999997 1
19.9599999999997 1
19.9799999999997 1
19.9999999999997 1
20.0199999999997 1
20.0399999999997 1
20.0599999999997 1
20.0799999999997 1
20.0999999999997 1
20.1199999999997 1
20.1399999999997 1
20.1599999999997 1
20.1799999999997 1
20.1999999999997 1
20.2199999999997 1
20.2399999999997 1
20.2599999999997 1
20.2799999999997 1
20.2999999999997 1
20.3199999999997 1
20.3399999999997 1
20.3599999999997 1
20.3799999999997 1
20.3999999999997 1
20.4199999999997 1
20.4399999999997 1
20.4599999999997 1
20.4799999999997 1
20.4999999999997 1
20.5199999999997 1
20.5399999999997 1
20.5599999999997 1
20.5799999999997 1
20.5999999999996 1
20.6199999999996 1
20.6399999999996 1
20.6599999999996 1
20.6799999999996 1
20.6999999999996 1
20.7199999999996 1
20.7399999999996 1
20.7599999999996 1
20.7799999999996 1
20.7999999999996 1
20.8199999999996 1
20.8399999999996 1
20.8599999999996 1
20.8799999999996 1
20.8999999999996 1
20.9199999999996 1
20.9399999999996 1
20.9599999999996 1
20.9799999999996 1
20.9999999999996 1
21.0199999999996 1
21.0399999999996 1
21.0599999999996 1
21.0799999999996 1
21.0999999999996 1
21.1199999999996 1
21.1399999999996 1
21.1599999999996 1
21.1799999999996 1
21.1999999999996 1
21.2199999999996 1
21.2399999999996 1
21.2599999999996 1
21.2799999999996 1
21.2999999999996 1
21.3199999999996 1
21.3399999999996 1
21.3599999999996 1
21.3799999999996 1
21.3999999999996 1
21.4199999999996 1
21.4399999999996 1
21.4599999999996 1
21.4799999999996 1
21.4999999999996 1
21.5199999999996 1
21.5399999999996 1
21.5599999999996 1
21.5799999999996 1
21.5999999999996 1
21.6199999999996 1
21.6399999999996 1
21.6599999999996 1
21.6799999999996 1
21.6999999999996 1
21.7199999999996 1
21.7399999999996 1
21.7599999999996 1
21.7799999999996 1
21.7999999999996 1
21.8199999999996 1
21.8399999999996 1
21.8599999999996 1
21.8799999999996 1
21.8999999999996 1
21.9199999999996 1
21.9399999999996 1
21.9599999999996 1
21.9799999999996 1
21.9999999999996 1
22.0199999999996 1
22.0399999999996 1
22.0599999999996 1
22.0799999999996 1
22.0999999999996 1
22.1199999999996 1
22.1399999999996 1
22.1599999999996 1
22.1799999999996 1
22.1999999999996 1
22.2199999999996 1
22.2399999999996 1
22.2599999999996 1
22.2799999999996 1
22.2999999999996 1
22.3199999999996 1
22.3399999999996 1
22.3599999999996 1
22.3799999999996 1
22.3999999999996 1
22.4199999999996 1
22.4399999999996 1
22.4599999999996 1
22.4799999999996 1
22.4999999999996 1
22.5199999999996 1
22.5399999999996 1
22.5599999999996 1
22.5799999999996 1
22.5999999999996 1
22.6199999999996 1
22.6399999999996 1
22.6599999999996 1
22.6799999999996 1
22.6999999999996 1
22.7199999999996 1
22.7399999999996 1
22.7599999999996 1
22.7799999999996 1
22.7999999999996 1
22.8199999999996 1
22.8399999999996 1
22.8599999999996 1
22.8799999999996 1
22.8999999999996 1
22.9199999999996 1
22.9399999999996 1
22.9599999999996 1
22.9799999999996 1
22.9999999999996 1
23.0199999999996 1
23.0399999999996 1
23.0599999999996 1
23.0799999999996 1
23.0999999999996 1
23.1199999999996 1
23.1399999999996 1
23.1599999999996 1
23.1799999999996 1
23.1999999999996 1
23.2199999999996 1
23.2399999999996 1
23.2599999999996 1
23.2799999999996 1
23.2999999999996 1
23.3199999999996 1
23.3399999999996 1
23.3599999999996 1
23.3799999999996 1
23.3999999999996 1
23.4199999999996 1
23.4399999999996 1
23.4599999999996 1
23.4799999999996 1
23.4999999999996 1
23.5199999999996 1
23.5399999999996 1
23.5599999999996 1
23.5799999999996 1
23.5999999999996 1
23.6199999999996 1
23.6399999999996 1
23.6599999999996 1
23.6799999999996 1
23.6999999999996 1
23.7199999999996 1
23.7399999999996 1
23.7599999999996 1
23.7799999999996 1
23.7999999999996 1
23.8199999999996 1
23.8399999999996 1
23.8599999999996 1
23.8799999999996 1
23.8999999999996 1
23.9199999999996 1
23.9399999999996 1
23.9599999999996 1
23.9799999999996 1
23.9999999999996 1
24.0199999999996 1
24.0399999999996 1
24.0599999999996 1
24.0799999999996 1
24.0999999999996 1
24.1199999999996 1
24.1399999999996 1
24.1599999999996 1
24.1799999999996 1
24.1999999999996 1
24.2199999999996 1
24.2399999999996 1
24.2599999999996 1
24.2799999999996 1
24.2999999999996 1
24.3199999999996 1
24.3399999999996 1
24.3599999999996 1
24.3799999999996 1
24.3999999999996 1
24.4199999999996 1
24.4399999999996 1
24.4599999999996 1
24.4799999999996 1
24.4999999999996 1
24.5199999999996 1
24.5399999999996 1
24.5599999999996 1
24.5799999999996 1
24.5999999999996 1
24.6199999999996 1
24.6399999999996 1
24.6599999999996 1
24.6799999999996 1
24.6999999999996 1
24.7199999999996 1
24.7399999999996 1
24.7599999999996 1
24.7799999999996 1
24.7999999999996 1
24.8199999999996 1
24.8399999999996 1
24.8599999999996 1
24.8799999999996 1
24.8999999999996 1
24.9199999999996 1
24.9399999999996 1
24.9599999999996 1
24.9799999999996 1
24.9999999999996 1
25.0199999999996 1
25.0399999999996 1
25.0599999999996 1
25.0799999999996 1
25.0999999999996 1
25.1199999999996 1
25.1399999999996 1
25.1599999999996 1
25.1799999999996 1
25.1999999999996 1
25.2199999999996 1
25.2399999999996 1
25.2599999999996 1
25.2799999999995 1
25.2999999999995 1
25.3199999999995 1
25.3399999999995 1
25.3599999999995 1
25.3799999999995 1
25.3999999999995 1
25.4199999999995 1
25.4399999999995 1
25.4599999999995 1
25.4799999999995 1
25.4999999999995 1
25.5199999999995 1
25.5399999999995 1
25.5599999999995 1
25.5799999999995 1
25.5999999999995 1
25.6199999999995 1
25.6399999999995 1
25.6599999999995 1
25.6799999999995 1
25.6999999999995 1
25.7199999999995 1
25.7399999999995 1
25.7599999999995 1
25.7799999999995 1
25.7999999999995 1
25.8199999999995 1
25.8399999999995 1
25.8599999999995 1
25.8799999999995 1
25.8999999999995 1
25.9199999999995 1
25.9399999999995 1
25.9599999999995 1
25.9799999999995 1
25.9999999999995 1
26.0199999999995 1
26.0399999999995 1
26.0599999999995 1
26.0799999999995 1
26.0999999999995 1
26.1199999999995 1
26.1399999999995 1
26.1599999999995 1
26.1799999999995 1
26.1999999999995 1
26.2199999999995 1
26.2399999999995 1
26.2599999999995 1
26.2799999999995 1
26.2999999999995 1
26.3199999999995 1
26.3399999999995 1
26.3599999999995 1
26.3799999999995 1
26.3999999999995 1
26.4199999999995 1
26.4399999999995 1
26.4599999999995 1
26.4799999999995 1
26.4999999999995 1
26.5199999999995 1
26.5399999999995 1
26.5599999999995 1
26.5799999999995 1
26.5999999999995 1
26.6199999999995 1
26.6399999999995 1
26.6599999999995 1
26.6799999999995 1
26.6999999999995 1
26.7199999999995 1
26.7399999999995 1
26.7599999999995 1
26.7799999999995 1
26.7999999999995 1
26.8199999999995 1
26.8399999999995 1
26.8599999999995 1
26.8799999999995 1
26.8999999999995 1
26.9199999999995 1
26.9399999999995 1
26.9599999999995 1
26.9799999999995 1
26.9999999999995 1
27.0199999999995 1
27.0399999999995 1
27.0599999999995 1
27.0799999999995 1
27.0999999999995 1
27.1199999999995 1
27.1399999999995 1
27.1599999999995 1
27.1799999999995 1
27.1999999999995 1
27.2199999999995 1
27.2399999999995 1
27.2599999999995 1
27.2799999999995 1
27.2999999999995 1
27.3199999999995 1
27.3399999999995 1
27.3599999999995 1
27.3799999999995 1
27.3999999999995 1
27.4199999999995 1
27.4399999999995 1
27.4599999999995 1
27.4799999999995 1
27.4999999999995 1
27.5199999999995 1
27.5399999999995 1
27.5599999999995 1
27.5799999999995 1
27.5999999999995 1
27.6199999999995 1
27.6399999999995 1
27.6599999999995 1
27.6799999999995 1
27.6999999999995 1
27.7199999999995 1
27.7399999999995 1
27.7599999999995 1
27.7799999999995 1
27.7999999999995 1
27.8199999999995 1
27.8399999999995 1
27.8599999999995 1
27.8799999999995 1
27.8999999999995 1
27.9199999999995 1
27.9399999999995 1
27.9599999999995 1
27.9799999999995 1
27.9999999999995 1
28.0199999999995 1
28.0399999999995 1
28.0599999999995 1
28.0799999999995 1
28.0999999999995 1
28.1199999999995 1
28.1399999999995 1
28.1599999999995 1
28.1799999999995 1
28.1999999999995 1
28.2199999999995 1
28.2399999999995 1
28.2599999999995 1
28.2799999999995 1
28.2999999999995 1
28.3199999999995 1
28.3399999999995 1
28.3599999999995 1
28.3799999999995 1
28.3999999999995 1
28.4199999999995 1
28.4399999999995 1
28.4599999999995 1
28.4799999999995 1
28.4999999999995 1
28.5199999999995 1
28.5399999999995 1
28.5599999999995 1
28.5799999999995 1
28.5999999999995 1
28.6199999999995 1
28.6399999999995 1
28.6599999999995 1
28.6799999999995 1
28.6999999999995 1
28.7199999999995 1
28.7399999999995 1
28.7599999999995 1
28.7799999999995 1
28.7999999999995 1
28.8199999999995 1
28.8399999999995 1
28.8599999999995 1
28.8799999999995 1
28.8999999999995 1
28.9199999999995 1
28.9399999999995 1
28.9599999999995 1
28.9799999999995 1
28.9999999999995 1
29.0199999999995 1
29.0399999999995 1
29.0599999999995 1
29.0799999999995 1
29.0999999999995 1
29.1199999999995 1
29.1399999999995 1
29.1599999999995 1
29.1799999999995 1
29.1999999999995 1
29.2199999999995 1
29.2399999999995 1
29.2599999999995 1
29.2799999999995 1
29.2999999999995 1
29.3199999999995 1
29.3399999999995 1
29.3599999999995 1
29.3799999999995 1
29.3999999999995 1
29.4199999999995 1
29.4399999999995 1
29.4599999999995 1
29.4799999999995 1
29.4999999999995 1
29.5199999999995 1
29.5399999999995 1
29.5599999999995 1
29.5799999999995 1
29.5999999999995 1
29.6199999999995 1
29.6399999999995 1
29.6599999999995 1
29.6799999999995 1
29.6999999999995 1
29.7199999999995 1
29.7399999999995 1
29.7599999999995 1
29.7799999999995 1
29.7999999999995 1
29.8199999999995 1
29.8399999999995 1
29.8599999999995 1
29.8799999999995 1
29.8999999999995 1
29.9199999999995 1
29.9399999999995 1
29.9599999999995 1
29.9799999999994 1
29.9999999999994 1
30.0199999999994 1
30.0399999999994 1
30.0599999999994 1
30.0799999999994 1
30.0999999999994 1
30.1199999999994 1
30.1399999999994 1
30.1599999999994 1
30.1799999999994 1
30.1999999999994 1
30.2199999999994 1
30.2399999999994 1
30.2599999999994 1
30.2799999999994 1
30.2999999999994 1
30.3199999999994 1
30.3399999999994 1
30.3599999999994 1
30.3799999999994 1
30.3999999999994 1
30.4199999999994 1
30.4399999999994 1
30.4599999999994 1
30.4799999999994 1
30.4999999999994 1
30.5199999999994 1
30.5399999999994 1
30.5599999999994 1
30.5799999999994 1
30.5999999999994 1
30.6199999999994 1
30.6399999999994 1
30.6599999999994 1
30.6799999999994 1
30.6999999999994 1
30.7199999999994 1
30.7399999999994 1
30.7599999999994 1
30.7799999999994 1
30.7999999999994 1
30.8199999999994 1
30.8399999999994 1
30.8599999999994 1
30.8799999999994 1
30.8999999999994 1
30.9199999999994 1
30.9399999999994 1
30.9599999999994 1
30.9799999999994 1
30.9999999999994 1
31.0199999999994 1
31.0399999999994 1
31.0599999999994 1
31.0799999999994 1
31.0999999999994 1
31.1199999999994 1
31.1399999999994 1
31.1599999999994 1
31.1799999999994 1
31.1999999999994 1
31.2199999999994 1
31.2399999999994 1
31.2599999999994 1
31.2799999999994 1
31.2999999999994 1
31.3199999999994 1
31.3399999999994 1
31.3599999999994 1
31.3799999999994 1
31.3999999999994 1
31.4199999999994 1
31.4399999999994 1
31.4599999999994 1
31.4799999999994 1
31.4999999999994 1
31.5199999999994 1
31.5399999999994 1
31.5599999999994 1
31.5799999999994 1
31.5999999999994 1
31.6199999999994 1
31.6399999999994 1
31.6599999999994 1
31.6799999999994 1
31.6999999999994 1
31.7199999999994 1
31.7399999999994 1
31.7599999999994 1
31.7799999999994 1
31.7999999999994 1
31.8199999999994 1
31.8399999999994 1
31.8599999999994 1
31.8799999999994 1
31.8999999999994 1
31.9199999999994 1
31.9399999999994 1
31.9599999999994 1
31.9799999999994 1
31.9999999999994 1
32.0199999999994 1
32.0399999999994 1
32.0599999999994 1
32.0799999999994 1
32.0999999999994 1
32.1199999999994 1
32.1399999999994 1
32.1599999999994 1
32.1799999999994 1
32.1999999999994 1
32.2199999999994 1
32.2399999999994 1
32.2599999999994 1
32.2799999999994 1
32.2999999999995 1
32.3199999999995 1
32.3399999999995 1
32.3599999999995 1
32.3799999999995 1
32.3999999999995 1
32.4199999999995 1
32.4399999999995 1
32.4599999999995 1
32.4799999999995 1
32.4999999999995 1
32.5199999999995 1
32.5399999999995 1
32.5599999999995 1
32.5799999999995 1
32.5999999999995 1
32.6199999999995 1
32.6399999999995 1
32.6599999999995 1
32.6799999999995 1
32.6999999999995 1
32.7199999999995 1
32.7399999999995 1
32.7599999999995 1
32.7799999999995 1
32.7999999999995 1
32.8199999999995 1
32.8399999999995 1
32.8599999999995 1
32.8799999999995 1
32.8999999999995 1
32.9199999999995 1
32.9399999999996 1
32.9599999999996 1
32.9799999999996 1
32.9999999999996 1
33.0199999999996 1
33.0399999999996 1
33.0599999999996 1
33.0799999999996 1
33.0999999999996 1
33.1199999999996 1
33.1399999999996 1
33.1599999999996 1
33.1799999999996 1
33.1999999999996 1
33.2199999999996 1
33.2399999999996 1
33.2599999999996 1
33.2799999999996 1
33.2999999999996 1
33.3199999999996 1
33.3399999999996 1
33.3599999999996 1
33.3799999999996 1
33.3999999999996 1
33.4199999999996 1
33.4399999999996 1
33.4599999999996 1
33.4799999999996 1
33.4999999999996 1
33.5199999999996 1
33.5399999999996 1
33.5599999999996 1
33.5799999999997 1
33.5999999999997 1
33.6199999999997 1
33.6399999999997 1
33.6599999999997 1
33.6799999999997 1
33.6999999999997 1
33.7199999999997 1
33.7399999999997 1
33.7599999999997 1
33.7799999999997 1
33.7999999999997 1
33.8199999999997 1
33.8399999999997 1
33.8599999999997 1
33.8799999999997 1
33.8999999999997 1
33.9199999999997 1
33.9399999999997 1
33.9599999999997 1
33.9799999999997 1
33.9999999999997 1
34.0199999999997 1
34.0399999999997 1
34.0599999999997 1
34.0799999999997 1
34.0999999999997 1
34.1199999999997 1
34.1399999999997 1
34.1599999999997 1
34.1799999999997 1
34.1999999999997 1
34.2199999999998 1
34.2399999999998 1
34.2599999999998 1
34.2799999999998 1
34.2999999999998 1
34.3199999999998 1
34.3399999999998 1
34.3599999999998 1
34.3799999999998 1
34.3999999999998 1
34.4199999999998 1
34.4399999999998 1
34.4599999999998 1
34.4799999999998 1
34.4999999999998 1
34.5199999999998 1
34.5399999999998 1
34.5599999999998 1
34.5799999999998 1
34.5999999999998 1
34.6199999999998 1
34.6399999999998 1
34.6599999999998 1
34.6799999999998 1
34.6999999999998 1
34.7199999999998 1
34.7399999999998 1
34.7599999999998 1
34.7799999999998 1
34.7999999999998 1
34.8199999999998 1
34.8399999999998 1
34.8599999999999 1
34.8799999999999 1
34.8999999999999 1
34.9199999999999 1
34.9399999999999 1
34.9599999999999 1
34.9799999999999 1
34.9999999999999 1
35.0199999999999 1
35.0399999999999 1
35.0599999999999 1
35.0799999999999 1
35.0999999999999 1
35.1199999999999 1
35.1399999999999 1
35.1599999999999 1
35.1799999999999 1
35.1999999999999 1
35.2199999999999 1
35.2399999999999 1
35.2599999999999 1
35.2799999999999 1
35.2999999999999 1
35.3199999999999 1
35.3399999999999 1
35.3599999999999 1
35.3799999999999 1
35.3999999999999 1
35.4199999999999 1
35.4399999999999 1
35.4599999999999 1
35.4799999999999 1
35.5 1
35.52 1
35.54 1
35.56 1
35.58 1
35.6 1
35.62 1
35.64 1
35.66 1
35.68 1
35.7 1
35.72 1
35.74 1
35.76 1
35.78 1
35.8 1
35.82 1
35.84 1
35.86 1
35.88 1
35.9 1
35.92 1
35.94 1
35.96 1
35.98 1
36 1
36.02 1
36.04 1
36.06 1
36.08 1
36.1 1
36.12 1
36.1400000000001 1
36.1600000000001 1
36.1800000000001 1
36.2000000000001 1
36.2200000000001 1
36.2400000000001 1
36.2600000000001 1
36.2800000000001 1
36.3000000000001 1
36.3200000000001 1
36.3400000000001 1
36.3600000000001 1
36.3800000000001 1
36.4000000000001 1
36.4200000000001 1
36.4400000000001 1
36.4600000000001 1
36.4800000000001 1
36.5000000000001 1
36.5200000000001 1
36.5400000000001 1
36.5600000000001 1
36.5800000000001 1
36.6000000000001 1
36.6200000000001 1
36.6400000000001 1
36.6600000000001 1
36.6800000000001 1
36.7000000000001 1
36.7200000000001 1
36.7400000000001 1
36.7600000000001 1
36.7800000000002 1
36.8000000000002 1
36.8200000000002 1
36.8400000000002 1
36.8600000000002 1
36.8800000000002 1
36.9000000000002 1
36.9200000000002 1
36.9400000000002 1
36.9600000000002 1
36.9800000000002 1
37.0000000000002 1
37.0200000000002 1
37.0400000000002 1
37.0600000000002 1
37.0800000000002 1
37.1000000000002 1
37.1200000000002 1
37.1400000000002 1
37.1600000000002 1
37.1800000000002 1
37.2000000000002 1
37.2200000000002 1
37.2400000000002 1
37.2600000000002 1
37.2800000000002 1
37.3000000000002 1
37.3200000000002 1
37.3400000000002 1
37.3600000000002 1
37.3800000000002 1
37.4000000000002 1
37.4200000000003 1
37.4400000000003 1
37.4600000000003 1
37.4800000000003 1
37.5000000000003 1
37.5200000000003 1
37.5400000000003 1
37.5600000000003 1
37.5800000000003 1
37.6000000000003 1
37.6200000000003 1
37.6400000000003 1
37.6600000000003 1
37.6800000000003 1
37.6991118430775 1
