Generating random matrix ARandom Matrix A:
   -0.863386     0.329441    -0.611769     0.852566     -0.78965    -0.548575 
    0.792681     0.652363    -0.814375     0.779416     0.427524    0.0357971 
    0.570777     0.175332     0.473672      0.34502     0.940142     0.977158 
    0.556206    -0.949701     0.842557    -0.178175    -0.620595    -0.591981 
    0.728008     -0.68971     0.549661   -0.0337875     0.566618     -0.91019 
    0.242564    -0.115055     0.795326    -0.861814    0.0128508    -0.070188 
    0.357814   -0.0296824    -0.145696    -0.203542    -0.913993    -0.607624 
Performing QR decomposition on A
Q:
   -0.522948    0.0726176    -0.158048     0.557462        -0.42    -0.457249 
    0.480122     0.653504    -0.368026    0.0834594   -0.0900519    -0.128448 
    0.345716     0.248505     0.538329     0.583853   -0.0534922     0.214318 
    0.336891    -0.603017    -0.125232     0.270424    -0.439337     0.300284 
     0.44095    -0.371925    -0.213403     0.189843     0.381636    -0.611889 
     0.14692   -0.0373723     0.656192     -0.31755     -0.29564    -0.512531 
    0.216726     0.050495    -0.240767    -0.362462    -0.621742    -0.035019 
R:
       1.651    -0.445862     0.704176    -0.198008     0.787812    -0.100899 
           0      1.32582      -1.2085     0.798942     0.572533     0.893825 
           0            0     0.985542    -0.722843     0.658859     0.968171 
           0            0            0      1.03461     0.411337     0.177344 
           0            0            0            0      1.29622     0.486162 
           0            0            0            0            0     0.892084 
Checking if Q is orthogonal (Q^T * Q should be identity)
Q^T * Q:
           1  1.38778e-17  6.93889e-17  9.71445e-17 -1.11022e-16  -9.1073e-17 
 1.38778e-17            1  1.37043e-16  1.52656e-16   -1.249e-16 -1.88217e-16 
 6.93889e-17  1.37043e-16            1  6.93889e-17 -1.66533e-16  1.63064e-16 
 9.71445e-17  1.52656e-16  6.93889e-17            1  2.77556e-17 -4.33681e-17 
-1.11022e-16   -1.249e-16 -1.66533e-16  2.77556e-17            1  9.71445e-17 
 -9.1073e-17 -1.88217e-16  1.63064e-16 -4.33681e-17  9.71445e-17            1 
Checking if A = Q * R
Q * R:
   -0.863386     0.329441    -0.611769     0.852566     -0.78965    -0.548575 
    0.792681     0.652363    -0.814375     0.779416     0.427524    0.0357971 
    0.570777     0.175332     0.473672      0.34502     0.940142     0.977158 
    0.556206    -0.949701     0.842557    -0.178175    -0.620595    -0.591981 
    0.728008     -0.68971     0.549661   -0.0337875     0.566618     -0.91019 
    0.242564    -0.115055     0.795326    -0.861814    0.0128508    -0.070188 
    0.357814   -0.0296824    -0.145696    -0.203542    -0.913993    -0.607624 
Checking if QR = A1
Checking if R is upper triangular
R is upper triangular.
b:
   -0.346688    -0.888626    -0.382766    -0.721611     0.408928    -0.692189 
Solution x:
     5.99191     -2.35569     0.524332     -2.18354      1.92667      3.70367 
A * x:
   -0.346688    -0.888626    -0.382766    -0.721611     0.408928    -0.692189 
Checking if A * x is approximately equal to b1
The determinant of A from R: 0.190199
Original Matrix A:
    0.774823     0.908825     0.904556     0.242978     0.280711 
    0.900903     0.345731    -0.917653     0.683148     0.633109 
    0.565023     0.470535   -0.0452246     0.732405    -0.368952 
    0.813068    -0.997258      0.15098   -0.0509512    -0.455897 
   -0.463203     0.974229     0.859432    -0.630154    -0.093112 
Identity Matrix I:
           1            0            0            0            0 
           0            1            0            0            0 
           0            0            1            0            0 
           0            0            0            1            0 
           0            0            0            0            1 
Inverse of A:
  -0.0494527     0.734385    -0.020798      0.86677      0.68282 
   -0.332155      0.51514     0.424757   -0.0219834     0.925844 
     1.00275    -0.888702    -0.213975    -0.279576    -0.802886 
    0.759571    -0.954757     0.542338    -0.966097     -1.62063 
    0.885569  -0.00472129     -1.09771    -0.584168    -0.892246 
A * A^-1:
           1 -2.12504e-17  1.11022e-16 -2.77556e-17 -3.33067e-16 
-3.33067e-16            1  1.11022e-16 -1.11022e-16  1.11022e-16 
 5.55112e-17  7.48099e-17            1  2.77556e-17            0 
-5.55112e-17 -1.42247e-16 -2.22045e-16            1            0 
-2.91434e-16  1.12703e-16 -1.52656e-16  4.16334e-17            1 
Checking if A * A^-1 is approximately equal to the identity matrix1
Checking if A*A^{-1} is identity matrix1
Original Matrix A:
    0.392132    -0.133502    -0.802352    -0.638351 
   -0.698764    -0.481643     0.241818    -0.649619 
    -0.45689      0.52251     0.893013     -0.96254 
   0.0638794    -0.186387     0.215823     0.318689 
