5.000000e-02 2.968879e+00
1.125000e-01 2.129744e+00
1.750000e-01 1.665221e+00
2.375000e-01 1.342253e+00
3.000000e-01 1.095798e+00
3.625000e-01 8.981496e-01
4.250000e-01 7.348365e-01
4.875000e-01 5.972999e-01
5.500000e-01 4.800308e-01
6.125000e-01 3.792570e-01
6.750000e-01 2.922707e-01
7.375000e-01 2.170545e-01
8.000000e-01 1.520597e-01
8.625000e-01 9.606675e-02
9.250000e-01 4.809567e-02
9.875000e-01 7.344489e-03
1.050000e+00 -2.685308e-02
1.112500e+00 -5.505801e-02
1.175000e+00 -7.774814e-02
1.237500e+00 -9.533470e-02
1.300000e+00 -1.081748e-01
1.362500e+00 -1.165812e-01
1.425000e+00 -1.208297e-01
1.487500e+00 -1.211651e-01
1.550000e+00 -1.178062e-01
1.612500e+00 -1.109493e-01
1.675000e+00 -1.007719e-01
1.737500e+00 -8.743465e-02
1.800000e+00 -7.108388e-02
1.862500e+00 -5.185338e-02
1.925000e+00 -2.986587e-02
1.987500e+00 -5.234293e-03
2.050000e+00 2.193708e-02
2.112500e+00 5.155172e-02
2.175000e+00 8.352000e-02
2.237500e+00 1.177585e-01
2.300000e+00 1.541894e-01
2.362500e+00 1.927400e-01
2.425000e+00 2.333422e-01
2.487500e+00 2.759318e-01
2.550000e+00 3.204488e-01
2.612500e+00 3.668364e-01
2.675000e+00 4.150412e-01
2.737500e+00 4.650126e-01
2.800000e+00 5.167028e-01
2.862500e+00 5.700663e-01
2.925000e+00 6.250601e-01
2.987500e+00 6.816433e-01
3.050000e+00 7.397769e-01
3.112500e+00 7.994238e-01
3.175000e+00 8.605487e-01
3.237500e+00 9.231177e-01
3.300000e+00 9.870986e-01
3.362500e+00 1.052460e+00
3.425000e+00 1.119174e+00
3.487500e+00 1.187210e+00
3.550000e+00 1.256542e+00
3.612500e+00 1.327144e+00
3.675000e+00 1.398991e+00
3.737500e+00 1.472058e+00
3.800000e+00 1.546322e+00
3.862500e+00 1.621762e+00
3.925000e+00 1.698355e+00
3.987500e+00 1.776080e+00
4.050000e+00 1.854918e+00
4.112500e+00 1.934850e+00
4.175000e+00 2.015856e+00
4.237500e+00 2.097919e+00
4.300000e+00 2.181021e+00
4.362500e+00 2.265145e+00
4.425000e+00 2.350275e+00
4.487500e+00 2.436395e+00
4.550000e+00 2.523490e+00
4.612500e+00 2.611544e+00
4.675000e+00 2.700544e+00
4.737500e+00 2.790475e+00
4.800000e+00 2.881323e+00
4.862500e+00 2.973076e+00
4.925000e+00 3.065721e+00
4.987500e+00 3.159245e+00



1.000000e+00 0.000000e+00
2.000000e+00 0.000000e+00
3.000000e+00 6.931472e-01
4.000000e+00 1.791759e+00
5.000000e+00 3.178054e+00
6.000000e+00 4.787492e+00
