-2.000000e+00 -9.953221e-01
-1.875000e+00 -9.919900e-01
-1.750000e+00 -9.866717e-01
-1.625000e+00 -9.784438e-01
-1.500000e+00 -9.661053e-01
-1.375000e+00 -9.481702e-01
-1.250000e+00 -9.229002e-01
-1.125000e+00 -8.883882e-01
-1.000000e+00 -8.427007e-01
-8.750000e-01 -7.840749e-01
-7.500000e-01 -7.111556e-01
-6.250000e-01 -6.232410e-01
-5.000000e-01 -5.205000e-01
-3.750000e-01 -4.041169e-01
-2.500000e-01 -2.763263e-01
-1.250000e-01 -1.403162e-01
0.000000e+00 1.000000e-09
1.250000e-01 1.403162e-01
2.500000e-01 2.763263e-01
3.750000e-01 4.041169e-01
5.000000e-01 5.205000e-01
6.250000e-01 6.232410e-01
7.500000e-01 7.111556e-01
8.750000e-01 7.840749e-01
1.000000e+00 8.427007e-01
1.125000e+00 8.883882e-01
1.250000e+00 9.229002e-01
1.375000e+00 9.481702e-01
1.500000e+00 9.661053e-01
1.625000e+00 9.784438e-01
1.750000e+00 9.866717e-01
1.875000e+00 9.919900e-01
2.000000e+00 9.953221e-01



0.000000e+00 0.000000e+00
5.000000e-01 5.204999e-01
1.000000e+00 8.427008e-01
1.500000e+00 9.661051e-01
2.000000e+00 9.953223e-01
